2903
0.9 0.9 0.0 0.1 0.9 
0.899 0.9 0.0 0.1 0.9 
0.898 0.9 0.0 0.1 0.9 
0.897 0.9 0.0 0.1 0.9 
0.896 0.9 0.0 0.1 0.9 
0.895 0.9 0.0 0.1 0.9 
0.894 0.9 0.0 0.1 0.9 
0.893 0.9 0.0 0.1 0.9 
0.892 0.9 0.0 0.1 0.9 
0.891 0.9 0.0 0.1 0.9 
0.89 0.9 0.0 0.1 0.9 
0.889 0.9 0.0 0.1 0.9 
0.888 0.9 0.0 0.1 0.9 
0.887 0.9 0.0 0.1 0.9 
0.886 0.9 0.0 0.1 0.9 
0.885 0.9 0.0 0.1 0.9 
0.884 0.9 0.0 0.1 0.9 
0.883 0.9 0.0 0.1 0.9 
0.882 0.9 0.0 0.1 0.9 
0.881 0.9 0.0 0.1 0.9 
0.88 0.9 0.0 0.1 0.9 
0.879 0.9 0.0 0.1 0.9 
0.878 0.9 0.0 0.1 0.9 
0.877 0.9 0.0 0.1 0.9 
0.876 0.9 0.0 0.1 0.9 
0.875 0.9 0.0 0.1 0.9 
0.874 0.9 0.0 0.1 0.9 
0.873 0.9 0.0 0.1 0.9 
0.872 0.9 0.0 0.1 0.9 
0.871 0.9 0.0 0.1 0.9 
0.87 0.9 0.0 0.1 0.9 
0.869 0.9 0.0 0.1 0.9 
0.868 0.9 0.0 0.1 0.9 
0.867 0.9 0.0 0.1 0.9 
0.866 0.9 0.0 0.1 0.9 
0.865 0.9 0.0 0.1 0.9 
0.864 0.9 0.0 0.1 0.9 
0.863 0.9 0.0 0.1 0.9 
0.862 0.9 0.0 0.1 0.9 
0.861 0.9 0.0 0.1 0.9 
0.86 0.9 0.0 0.1 0.9 
0.859 0.9 0.0 0.1 0.9 
0.858 0.9 0.0 0.1 0.9 
0.857 0.9 0.0 0.1 0.9 
0.856 0.9 0.0 0.1 0.9 
0.855 0.9 0.0 0.1 0.9 
0.854 0.9 0.0 0.1 0.9 
0.853 0.9 0.0 0.1 0.9 
0.852 0.9 0.0 0.1 0.9 
0.851 0.9 0.0 0.1 0.9 
0.85 0.9 0.0 0.1 0.9 
0.849 0.9 0.0 0.1 0.9 
0.848 0.9 0.0 0.1 0.9 
0.847 0.9 0.0 0.1 0.9 
0.846 0.9 0.0 0.1 0.9 
0.845 0.9 0.0 0.1 0.9 
0.844 0.9 0.0 0.1 0.9 
0.843 0.9 0.0 0.1 0.9 
0.842 0.9 0.0 0.1 0.9 
0.841 0.9 0.0 0.1 0.9 
0.84 0.9 0.0 0.1 0.9 
0.839 0.9 0.0 0.1 0.9 
0.838 0.9 0.0 0.1 0.9 
0.837 0.9 0.0 0.1 0.9 
0.836 0.9 0.0 0.1 0.9 
0.835 0.9 0.0 0.1 0.9 
0.834 0.9 0.0 0.1 0.9 
0.833 0.9 0.0 0.1 0.9 
0.832 0.9 0.0 0.1 0.9 
0.831 0.9 0.0 0.1 0.9 
0.83 0.9 0.0 0.1 0.9 
0.829 0.9 0.0 0.1 0.9 
0.828 0.9 0.0 0.1 0.9 
0.827 0.9 0.0 0.1 0.9 
0.826 0.9 0.0 0.1 0.9 
0.825 0.9 0.0 0.1 0.9 
0.824 0.9 0.0 0.1 0.9 
0.823 0.9 0.0 0.1 0.9 
0.822 0.9 0.0 0.1 0.9 
0.821 0.9 0.0 0.1 0.9 
0.82 0.9 0.0 0.1 0.9 
0.819 0.9 0.0 0.1 0.9 
0.818 0.9 0.0 0.1 0.9 
0.817 0.9 0.0 0.1 0.9 
0.816 0.9 0.0 0.1 0.9 
0.815 0.9 0.0 0.1 0.9 
0.814 0.9 0.0 0.1 0.9 
0.813 0.9 0.0 0.1 0.9 
0.812 0.9 0.0 0.1 0.9 
0.811 0.9 0.0 0.1 0.9 
0.81 0.9 0.0 0.1 0.9 
0.809 0.9 0.0 0.1 0.9 
0.808 0.9 0.0 0.1 0.9 
0.807 0.9 0.0 0.1 0.9 
0.806 0.9 0.0 0.1 0.9 
0.805 0.9 0.0 0.1 0.9 
0.804 0.9 0.0 0.1 0.9 
0.803 0.9 0.0 0.1 0.9 
0.802 0.9 0.0 0.1 0.9 
0.801 0.9 0.0 0.1 0.9 
0.8 0.9 0.0 0.1 0.9 
0.799 0.9 0.0 0.1 0.9 
0.798 0.9 0.0 0.1 0.9 
0.797 0.9 0.0 0.1 0.9 
0.796 0.9 0.0 0.1 0.9 
0.795 0.9 0.0 0.1 0.9 
0.794 0.9 0.0 0.1 0.9 
0.793 0.9 0.0 0.1 0.9 
0.792 0.9 0.0 0.1 0.9 
0.791 0.9 0.0 0.1 0.9 
0.79 0.9 0.0 0.1 0.9 
0.789 0.9 0.0 0.1 0.9 
0.788 0.9 0.0 0.1 0.9 
0.787 0.9 0.0 0.1 0.9 
0.786 0.9 0.0 0.1 0.9 
0.785 0.9 0.0 0.1 0.9 
0.784 0.9 0.0 0.1 0.9 
0.783 0.9 0.0 0.1 0.9 
0.782 0.9 0.0 0.1 0.9 
0.781 0.9 0.0 0.1 0.9 
0.78 0.9 0.0 0.1 0.9 
0.779 0.9 0.0 0.1 0.9 
0.778 0.9 0.0 0.1 0.9 
0.777 0.9 0.0 0.1 0.9 
0.776 0.9 0.0 0.1 0.9 
0.775 0.9 0.0 0.1 0.9 
0.774 0.9 0.0 0.1 0.9 
0.773 0.9 0.0 0.1 0.9 
0.772 0.9 0.0 0.1 0.9 
0.771 0.9 0.0 0.1 0.9 
0.77 0.9 0.0 0.1 0.9 
0.769 0.9 0.0 0.1 0.9 
0.768 0.9 0.0 0.1 0.9 
0.767 0.9 0.0 0.1 0.9 
0.766 0.9 0.0 0.1 0.9 
0.765 0.9 0.0 0.1 0.9 
0.764 0.9 0.0 0.1 0.9 
0.763 0.9 0.0 0.1 0.9 
0.762 0.9 0.0 0.1 0.9 
0.761 0.9 0.0 0.1 0.9 
0.76 0.9 0.0 0.1 0.9 
0.759 0.9 0.0 0.1 0.9 
0.758 0.9 0.0 0.1 0.9 
0.757 0.9 0.0 0.1 0.9 
0.756 0.9 0.0 0.1 0.9 
0.755 0.9 0.0 0.1 0.9 
0.754 0.9 0.0 0.1 0.9 
0.753 0.9 0.0 0.1 0.9 
0.752 0.9 0.0 0.1 0.9 
0.751 0.9 0.0 0.1 0.9 
0.75 0.9 0.0 0.1 0.9 
0.749 0.9 0.0 0.1 0.9 
0.748 0.9 0.0 0.1 0.9 
0.747 0.9 0.0 0.1 0.9 
0.746 0.9 0.0 0.1 0.9 
0.745 0.9 0.0 0.1 0.9 
0.744 0.9 0.0 0.1 0.9 
0.743 0.9 0.0 0.1 0.9 
0.742 0.9 0.0 0.1 0.9 
0.741 0.9 0.0 0.1 0.9 
0.74 0.9 0.0 0.1 0.9 
0.739 0.9 0.0 0.1 0.9 
0.738 0.9 0.0 0.1 0.9 
0.737 0.9 0.0 0.1 0.9 
0.736 0.9 0.0 0.1 0.9 
0.735 0.9 0.0 0.1 0.9 
0.734 0.9 0.0 0.1 0.9 
0.733 0.9 0.0 0.1 0.9 
0.732 0.9 0.0 0.1 0.9 
0.731 0.9 0.0 0.1 0.9 
0.73 0.9 0.0 0.1 0.9 
0.729 0.9 0.0 0.1 0.9 
0.728 0.9 0.0 0.1 0.9 
0.727 0.9 0.0 0.1 0.9 
0.726 0.9 0.0 0.1 0.9 
0.725 0.9 0.0 0.1 0.9 
0.724 0.9 0.0 0.1 0.9 
0.723 0.9 0.0 0.1 0.9 
0.722 0.9 0.0 0.1 0.9 
0.721 0.9 0.0 0.1 0.9 
0.72 0.9 0.0 0.1 0.9 
0.719 0.9 0.0 0.1 0.9 
0.718 0.9 0.0 0.1 0.9 
0.717 0.9 0.0 0.1 0.9 
0.716 0.9 0.0 0.1 0.9 
0.715 0.9 0.0 0.1 0.9 
0.714 0.9 0.0 0.1 0.9 
0.713 0.9 0.0 0.1 0.9 
0.712 0.9 0.0 0.1 0.9 
0.711 0.9 0.0 0.1 0.9 
0.71 0.9 0.0 0.1 0.9 
0.709 0.9 0.0 0.1 0.9 
0.708 0.9 0.0 0.1 0.9 
0.707 0.9 0.0 0.1 0.9 
0.706 0.9 0.0 0.1 0.9 
0.705 0.9 0.0 0.1 0.9 
0.704 0.9 0.0 0.1 0.9 
0.703 0.9 0.0 0.1 0.9 
0.702 0.9 0.0 0.1 0.9 
0.701 0.9 0.0 0.1 0.9 
0.7 0.9 0.0 0.1 0.9 
0.699 0.9 0.0 0.1 0.9 
0.698 0.9 0.0 0.1 0.9 
0.697 0.9 0.0 0.1 0.9 
0.696 0.9 0.0 0.1 0.9 
0.695 0.9 0.0 0.1 0.9 
0.694 0.9 0.0 0.1 0.9 
0.693 0.9 0.0 0.1 0.9 
0.692 0.9 0.0 0.1 0.9 
0.691 0.9 0.0 0.1 0.9 
0.69 0.9 0.0 0.1 0.9 
0.689 0.9 0.0 0.1 0.9 
0.688 0.9 0.0 0.1 0.9 
0.687 0.9 0.0 0.1 0.9 
0.686 0.9 0.0 0.1 0.9 
0.685 0.9 0.0 0.1 0.9 
0.684 0.9 0.0 0.1 0.9 
0.683 0.9 0.0 0.1 0.9 
0.682 0.9 0.0 0.1 0.9 
0.681 0.9 0.0 0.1 0.9 
0.68 0.9 0.0 0.1 0.9 
0.679 0.9 0.0 0.1 0.9 
0.678 0.9 0.0 0.1 0.9 
0.677 0.9 0.0 0.1 0.9 
0.676 0.9 0.0 0.1 0.9 
0.675 0.9 0.0 0.1 0.9 
0.674 0.9 0.0 0.1 0.9 
0.673 0.9 0.0 0.1 0.9 
0.672 0.9 0.0 0.1 0.9 
0.671 0.9 0.0 0.1 0.9 
0.67 0.9 0.0 0.1 0.9 
0.669 0.9 0.0 0.1 0.9 
0.668 0.9 0.0 0.1 0.9 
0.667 0.9 0.0 0.1 0.9 
0.666 0.9 0.0 0.1 0.9 
0.665 0.9 0.0 0.1 0.9 
0.664 0.9 0.0 0.1 0.9 
0.663 0.9 0.0 0.1 0.9 
0.662 0.9 0.0 0.1 0.9 
0.661 0.9 0.0 0.1 0.9 
0.66 0.9 0.0 0.1 0.9 
0.66 0.9 0.0 0.1 0.9 
0.659 0.9 0.0 0.1 0.9 
0.658 0.9 0.0 0.1 0.9 
0.657 0.9 0.0 0.1 0.9 
0.656 0.9 0.0 0.1 0.9 
0.655 0.9 0.0 0.1 0.9 
0.654 0.9 0.0 0.1 0.9 
0.653 0.9 0.0 0.1 0.9 
0.652 0.9 0.0 0.1 0.9 
0.651 0.9 0.0 0.1 0.9 
0.65 0.9 0.0 0.1 0.9 
0.649 0.9 0.0 0.1 0.9 
0.648 0.9 0.0 0.1 0.9 
0.647 0.9 0.0 0.1 0.9 
0.646 0.9 0.0 0.1 0.9 
0.645 0.9 0.0 0.1 0.9 
0.644 0.9 0.0 0.1 0.9 
0.643 0.9 0.0 0.1 0.9 
0.642 0.9 0.0 0.1 0.9 
0.641 0.9 0.0 0.1 0.9 
0.64 0.9 0.0 0.1 0.9 
0.639 0.9 0.0 0.1 0.9 
0.638 0.9 0.0 0.1 0.9 
0.637 0.9 0.0 0.1 0.9 
0.636 0.9 0.0 0.1 0.9 
0.635 0.9 0.0 0.1 0.9 
0.634 0.9 0.0 0.1 0.9 
0.633 0.9 0.0 0.1 0.9 
0.632 0.9 0.0 0.1 0.9 
0.631 0.9 0.0 0.1 0.9 
0.63 0.9 0.0 0.1 0.9 
0.629 0.9 0.0 0.1 0.9 
0.628 0.9 0.0 0.1 0.9 
0.627 0.9 0.0 0.1 0.9 
0.626 0.9 0.0 0.1 0.9 
0.625 0.9 0.0 0.1 0.9 
0.624 0.9 0.0 0.1 0.9 
0.623 0.9 0.0 0.1 0.9 
0.622 0.9 0.0 0.1 0.9 
0.621 0.9 0.0 0.1 0.9 
0.62 0.9 0.0 0.1 0.9 
0.619 0.9 0.0 0.1 0.9 
0.618 0.9 0.0 0.1 0.9 
0.617 0.9 0.0 0.1 0.9 
0.616 0.9 0.0 0.1 0.9 
0.615 0.9 0.0 0.1 0.9 
0.614 0.9 0.0 0.1 0.9 
0.613 0.9 0.0 0.1 0.9 
0.612 0.9 0.0 0.1 0.9 
0.611 0.9 0.0 0.1 0.9 
0.61 0.9 0.0 0.1 0.9 
0.609 0.9 0.0 0.1 0.9 
0.608 0.9 0.0 0.1 0.9 
0.607 0.9 0.0 0.1 0.9 
0.606 0.9 0.0 0.1 0.9 
0.605 0.9 0.0 0.1 0.9 
0.604 0.9 0.0 0.1 0.9 
0.603 0.9 0.0 0.1 0.9 
0.602 0.9 0.0 0.1 0.9 
0.601 0.9 0.0 0.1 0.9 
0.6 0.9 0.0 0.1 0.9 
0.599 0.9 0.0 0.1 0.9 
0.598 0.9 0.0 0.1 0.9 
0.597 0.9 0.0 0.1 0.9 
0.596 0.9 0.0 0.1 0.9 
0.595 0.9 0.0 0.1 0.9 
0.594 0.9 0.0 0.1 0.9 
0.593 0.9 0.0 0.1 0.9 
0.592 0.9 0.0 0.1 0.9 
0.591 0.9 0.0 0.1 0.9 
0.59 0.9 0.0 0.1 0.9 
0.589 0.9 0.0 0.1 0.9 
0.588 0.9 0.0 0.1 0.9 
0.587 0.9 0.0 0.1 0.9 
0.586 0.9 0.0 0.1 0.9 
0.585 0.9 0.0 0.1 0.9 
0.584 0.9 0.0 0.1 0.9 
0.583 0.9 0.0 0.1 0.9 
0.582 0.9 0.0 0.1 0.9 
0.581 0.9 0.0 0.1 0.9 
0.58 0.9 0.0 0.1 0.9 
0.579 0.9 0.0 0.1 0.9 
0.578 0.9 0.0 0.1 0.9 
0.577 0.9 0.0 0.1 0.9 
0.576 0.9 0.0 0.1 0.9 
0.575 0.9 0.0 0.1 0.9 
0.574 0.9 0.0 0.1 0.9 
0.573 0.9 0.0 0.1 0.9 
0.572 0.9 0.0 0.1 0.9 
0.571 0.9 0.0 0.1 0.9 
0.57 0.9 0.0 0.1 0.9 
0.569 0.9 0.0 0.1 0.9 
0.568 0.9 0.0 0.1 0.9 
0.567 0.9 0.0 0.1 0.9 
0.566 0.9 0.0 0.1 0.9 
0.565 0.9 0.0 0.1 0.9 
0.564 0.9 0.0 0.1 0.9 
0.563 0.9 0.0 0.1 0.9 
0.562 0.9 0.0 0.1 0.9 
0.561 0.9 0.0 0.1 0.9 
0.56 0.9 0.0 0.1 0.9 
0.559 0.9 0.0 0.1 0.9 
0.558 0.9 0.0 0.1 0.9 
0.557 0.9 0.0 0.1 0.9 
0.556 0.9 0.0 0.1 0.9 
0.555 0.9 0.0 0.1 0.9 
0.554 0.9 0.0 0.1 0.9 
0.553 0.9 0.0 0.1 0.9 
0.552 0.9 0.0 0.1 0.9 
0.551 0.9 0.0 0.1 0.9 
0.55 0.9 0.0 0.1 0.9 
0.549 0.9 0.0 0.1 0.9 
0.548 0.9 0.0 0.1 0.9 
0.547 0.9 0.0 0.1 0.9 
0.546 0.9 0.0 0.1 0.9 
0.545 0.9 0.0 0.1 0.9 
0.544 0.9 0.0 0.1 0.9 
0.543 0.9 0.0 0.1 0.9 
0.542 0.9 0.0 0.1 0.9 
0.541 0.9 0.0 0.1 0.9 
0.54 0.9 0.0 0.1 0.9 
0.539 0.9 0.0 0.1 0.9 
0.538 0.9 0.0 0.1 0.9 
0.537 0.9 0.0 0.1 0.9 
0.536 0.9 0.0 0.1 0.9 
0.535 0.9 0.0 0.1 0.9 
0.534 0.9 0.0 0.1 0.9 
0.533 0.9 0.0 0.1 0.9 
0.532 0.9 0.0 0.1 0.9 
0.531 0.9 0.0 0.1 0.9 
0.53 0.9 0.0 0.1 0.9 
0.529 0.9 0.0 0.1 0.9 
0.528 0.9 0.0 0.1 0.9 
0.527 0.9 0.0 0.1 0.9 
0.526 0.9 0.0 0.1 0.9 
0.525 0.9 0.0 0.1 0.9 
0.524 0.9 0.0 0.1 0.9 
0.523 0.9 0.0 0.1 0.9 
0.522 0.9 0.0 0.1 0.9 
0.521 0.9 0.0 0.1 0.9 
0.52 0.9 0.0 0.1 0.9 
0.519 0.9 0.0 0.1 0.9 
0.518 0.9 0.0 0.1 0.9 
0.517 0.9 0.0 0.1 0.9 
0.516 0.9 0.0 0.1 0.9 
0.515 0.9 0.0 0.1 0.9 
0.514 0.9 0.0 0.1 0.9 
0.513 0.9 0.0 0.1 0.9 
0.512 0.9 0.0 0.1 0.9 
0.511 0.9 0.0 0.1 0.9 
0.51 0.9 0.0 0.1 0.9 
0.509 0.9 0.0 0.1 0.9 
0.508 0.9 0.0 0.1 0.9 
0.507 0.9 0.0 0.1 0.9 
0.506 0.9 0.0 0.1 0.9 
0.505 0.9 0.0 0.1 0.9 
0.504 0.9 0.0 0.1 0.9 
0.503 0.9 0.0 0.1 0.9 
0.502 0.9 0.0 0.1 0.9 
0.501 0.9 0.0 0.1 0.9 
0.5 0.9 0.0 0.1 0.9 
0.499 0.9 0.0 0.1 0.9 
0.498 0.9 0.0 0.1 0.9 
0.497 0.9 0.0 0.1 0.9 
0.496 0.9 0.0 0.1 0.9 
0.495 0.9 0.0 0.1 0.9 
0.494 0.9 0.0 0.1 0.9 
0.493 0.9 0.0 0.1 0.9 
0.492 0.9 0.0 0.1 0.9 
0.491 0.9 0.0 0.1 0.9 
0.49 0.9 0.0 0.1 0.9 
0.49 0.9 0.0 0.1 0.9 
0.489 0.9 0.0 0.1 0.9 
0.488 0.9 0.0 0.1 0.9 
0.487 0.9 0.0 0.1 0.9 
0.486 0.9 0.0 0.1 0.9 
0.485 0.9 0.0 0.1 0.9 
0.484 0.9 0.0 0.1 0.9 
0.483 0.9 0.0 0.1 0.9 
0.482 0.9 0.0 0.1 0.9 
0.481 0.9 0.0 0.1 0.9 
0.48 0.9 0.0 0.1 0.9 
0.479 0.9 0.0 0.1 0.9 
0.478 0.9 0.0 0.1 0.9 
0.477 0.9 0.0 0.1 0.9 
0.476 0.9 0.0 0.1 0.9 
0.475 0.9 0.0 0.1 0.9 
0.474 0.9 0.0 0.1 0.9 
0.473 0.9 0.0 0.1 0.9 
0.472 0.9 0.0 0.1 0.9 
0.471 0.9 0.0 0.1 0.9 
0.47 0.9 0.0 0.1 0.9 
0.469 0.9 0.0 0.1 0.9 
0.468 0.9 0.0 0.1 0.9 
0.467 0.9 0.0 0.1 0.9 
0.466 0.9 0.0 0.1 0.9 
0.465 0.9 0.0 0.1 0.9 
0.464 0.9 0.0 0.1 0.9 
0.463 0.9 0.0 0.1 0.9 
0.462 0.9 0.0 0.1 0.9 
0.461 0.9 0.0 0.1 0.9 
0.46 0.9 0.0 0.1 0.9 
0.459 0.9 0.0 0.1 0.9 
0.458 0.9 0.0 0.1 0.9 
0.457 0.9 0.0 0.1 0.9 
0.456 0.9 0.0 0.1 0.9 
0.455 0.9 0.0 0.1 0.9 
0.454 0.9 0.0 0.1 0.9 
0.453 0.9 0.0 0.1 0.9 
0.452 0.9 0.0 0.1 0.9 
0.451 0.9 0.0 0.1 0.9 
0.45 0.9 0.0 0.1 0.9 
0.449 0.9 0.0 0.1 0.9 
0.448 0.9 0.0 0.1 0.9 
0.447 0.9 0.0 0.1 0.9 
0.446 0.9 0.0 0.1 0.9 
0.445 0.9 0.0 0.1 0.9 
0.444 0.9 0.0 0.1 0.9 
0.443 0.9 0.0 0.1 0.9 
0.442 0.9 0.0 0.1 0.9 
0.441 0.9 0.0 0.1 0.9 
0.44 0.9 0.0 0.1 0.9 
0.439 0.9 0.0 0.1 0.9 
0.438 0.9 0.0 0.1 0.9 
0.437 0.9 0.0 0.1 0.9 
0.436 0.9 0.0 0.1 0.9 
0.435 0.9 0.0 0.1 0.9 
0.434 0.9 0.0 0.1 0.9 
0.433 0.9 0.0 0.1 0.9 
0.432 0.9 0.0 0.1 0.9 
0.432 0.9 0.0 0.1 0.9 
0.431 0.9 0.0 0.1 0.9 
0.43 0.9 0.0 0.1 0.9 
0.429 0.9 0.0 0.1 0.9 
0.428 0.9 0.0 0.1 0.9 
0.427 0.9 0.0 0.1 0.9 
0.426 0.9 0.0 0.1 0.9 
0.425 0.9 0.0 0.1 0.9 
0.424 0.9 0.0 0.1 0.9 
0.423 0.9 0.0 0.1 0.9 
0.422 0.9 0.0 0.1 0.9 
0.421 0.9 0.0 0.1 0.9 
0.42 0.9 0.0 0.1 0.9 
0.419 0.9 0.0 0.1 0.9 
0.418 0.9 0.0 0.1 0.9 
0.417 0.9 0.0 0.1 0.9 
0.416 0.9 0.0 0.1 0.9 
0.415 0.9 0.0 0.1 0.9 
0.414 0.9 0.0 0.1 0.9 
0.413 0.9 0.0 0.1 0.9 
0.412 0.9 0.0 0.1 0.9 
0.411 0.9 0.0 0.1 0.9 
0.41 0.9 0.0 0.1 0.9 
0.409 0.9 0.0 0.1 0.9 
0.408 0.9 0.0 0.1 0.9 
0.407 0.9 0.0 0.1 0.9 
0.406 0.9 0.0 0.1 0.9 
0.405 0.9 0.0 0.1 0.9 
0.404 0.9 0.0 0.1 0.9 
0.403 0.9 0.0 0.1 0.9 
0.402 0.9 0.0 0.1 0.9 
0.401 0.9 0.0 0.1 0.9 
0.4 0.9 0.0 0.1 0.9 
0.399 0.9 0.0 0.1 0.9 
0.398 0.9 0.0 0.1 0.9 
0.397 0.9 0.0 0.1 0.9 
0.396 0.9 0.0 0.1 0.9 
0.395 0.9 0.0 0.1 0.9 
0.394 0.9 0.0 0.1 0.9 
0.393 0.9 0.0 0.1 0.9 
0.392 0.9 0.0 0.1 0.9 
0.391 0.9 0.0 0.1 0.9 
0.39 0.9 0.0 0.1 0.9 
0.389 0.9 0.0 0.1 0.9 
0.388 0.9 0.0 0.1 0.9 
0.387 0.9 0.0 0.1 0.9 
0.386 0.9 0.0 0.1 0.9 
0.385 0.9 0.0 0.1 0.9 
0.384 0.9 0.0 0.1 0.9 
0.383 0.9 0.0 0.1 0.9 
0.382 0.9 0.0 0.1 0.9 
0.381 0.9 0.0 0.1 0.9 
0.38 0.9 0.0 0.1 0.9 
0.379 0.9 0.0 0.1 0.9 
0.378 0.9 0.0 0.1 0.9 
0.377 0.9 0.0 0.1 0.9 
0.376 0.9 0.0 0.1 0.9 
0.375 0.9 0.0 0.1 0.9 
0.374 0.9 0.0 0.1 0.9 
0.373 0.9 0.0 0.1 0.9 
0.372 0.9 0.0 0.1 0.9 
0.371 0.9 0.0 0.1 0.9 
0.37 0.9 0.0 0.1 0.9 
0.369 0.9 0.0 0.1 0.9 
0.368 0.9 0.0 0.1 0.9 
0.367 0.9 0.0 0.1 0.9 
0.366 0.9 0.0 0.1 0.9 
0.365 0.9 0.0 0.1 0.9 
0.364 0.9 0.0 0.1 0.9 
0.363 0.9 0.0 0.1 0.9 
0.362 0.9 0.0 0.1 0.9 
0.361 0.9 0.0 0.1 0.9 
0.36 0.9 0.0 0.1 0.9 
0.359 0.9 0.0 0.1 0.9 
0.358 0.9 0.0 0.1 0.9 
0.357 0.9 0.0 0.1 0.9 
0.356 0.9 0.0 0.1 0.9 
0.355 0.9 0.0 0.1 0.9 
0.354 0.9 0.0 0.1 0.9 
0.353 0.9 0.0 0.1 0.9 
0.352 0.9 0.0 0.1 0.9 
0.351 0.9 0.0 0.1 0.9 
0.35 0.9 0.0 0.1 0.9 
0.349 0.9 0.0 0.1 0.9 
0.348 0.9 0.0 0.1 0.9 
0.347 0.9 0.0 0.1 0.9 
0.346 0.9 0.0 0.1 0.9 
0.345 0.9 0.0 0.1 0.9 
0.344 0.9 0.0 0.1 0.9 
0.343 0.9 0.0 0.1 0.9 
0.342 0.9 0.0 0.1 0.9 
0.341 0.9 0.0 0.1 0.9 
0.34 0.9 0.0 0.1 0.9 
0.339 0.9 0.0 0.1 0.9 
0.338 0.9 0.0 0.1 0.9 
0.337 0.9 0.0 0.1 0.9 
0.336 0.9 0.0 0.1 0.9 
0.335 0.9 0.0 0.1 0.9 
0.334 0.9 0.0 0.1 0.9 
0.333 0.9 0.0 0.1 0.9 
0.332 0.9 0.0 0.1 0.9 
0.331 0.9 0.0 0.1 0.9 
0.33 0.9 0.0 0.1 0.9 
0.329 0.9 0.0 0.1 0.9 
0.328 0.9 0.0 0.1 0.9 
0.327 0.9 0.0 0.1 0.9 
0.326 0.9 0.0 0.1 0.9 
0.325 0.9 0.0 0.1 0.9 
0.324 0.9 0.0 0.1 0.9 
0.323 0.9 0.0 0.1 0.9 
0.322 0.9 0.0 0.1 0.9 
0.321 0.9 0.0 0.1 0.9 
0.32 0.9 0.0 0.1 0.9 
0.32 0.9 0.0 0.1 0.9 
0.319 0.9 0.0 0.1 0.9 
0.318 0.9 0.0 0.1 0.9 
0.317 0.9 0.0 0.1 0.9 
0.316 0.9 0.0 0.1 0.9 
0.315 0.9 0.0 0.1 0.9 
0.314 0.9 0.0 0.1 0.9 
0.313 0.9 0.0 0.1 0.9 
0.312 0.9 0.0 0.1 0.9 
0.311 0.9 0.0 0.1 0.9 
0.31 0.9 0.0 0.1 0.9 
0.309 0.9 0.0 0.1 0.9 
0.308 0.9 0.0 0.1 0.9 
0.307 0.9 0.0 0.1 0.9 
0.306 0.9 0.0 0.1 0.9 
0.305 0.9 0.0 0.1 0.9 
0.304 0.9 0.0 0.1 0.9 
0.303 0.9 0.0 0.1 0.9 
0.302 0.9 0.0 0.1 0.9 
0.301 0.9 0.0 0.1 0.9 
0.3 0.9 0.0 0.1 0.9 
0.299 0.9 0.0 0.1 0.9 
0.298 0.9 0.0 0.1 0.9 
0.297 0.9 0.0 0.1 0.9 
0.296 0.9 0.0 0.1 0.9 
0.295 0.9 0.0 0.1 0.9 
0.294 0.9 0.0 0.1 0.9 
0.293 0.9 0.0 0.1 0.9 
0.292 0.9 0.0 0.1 0.9 
0.291 0.9 0.0 0.1 0.9 
0.29 0.9 0.0 0.1 0.9 
0.289 0.9 0.0 0.1 0.9 
0.288 0.9 0.0 0.1 0.9 
0.287 0.9 0.0 0.1 0.9 
0.286 0.9 0.0 0.1 0.9 
0.285 0.9 0.0 0.1 0.9 
0.284 0.9 0.0 0.1 0.9 
0.283 0.9 0.0 0.1 0.9 
0.282 0.9 0.0 0.1 0.9 
0.281 0.9 0.0 0.1 0.9 
0.28 0.9 0.0 0.1 0.9 
0.279 0.9 0.0 0.1 0.9 
0.278 0.9 0.0 0.1 0.9 
0.277 0.9 0.0 0.1 0.9 
0.276 0.9 0.0 0.1 0.9 
0.275 0.9 0.0 0.1 0.9 
0.274 0.9 0.0 0.1 0.9 
0.273 0.9 0.0 0.1 0.9 
0.272 0.9 0.0 0.1 0.9 
0.271 0.9 0.0 0.1 0.9 
0.27 0.9 0.0 0.1 0.9 
0.269 0.9 0.0 0.1 0.9 
0.268 0.9 0.0 0.1 0.9 
0.267 0.9 0.0 0.1 0.9 
0.266 0.9 0.0 0.1 0.9 
0.265 0.9 0.0 0.1 0.9 
0.264 0.9 0.0 0.1 0.9 
0.263 0.9 0.0 0.1 0.9 
0.262 0.9 0.0 0.1 0.9 
0.261 0.9 0.0 0.1 0.9 
0.26 0.9 0.0 0.1 0.9 
0.259 0.9 0.0 0.1 0.9 
0.258 0.9 0.0 0.1 0.9 
0.257 0.9 0.0 0.1 0.9 
0.256 0.9 0.0 0.1 0.9 
0.255 0.9 0.0 0.1 0.9 
0.254 0.9 0.0 0.1 0.9 
0.253 0.9 0.0 0.1 0.9 
0.252 0.9 0.0 0.1 0.9 
0.251 0.9 0.0 0.1 0.9 
0.25 0.9 0.0 0.1 0.9 
0.249 0.9 0.0 0.1 0.9 
0.248 0.9 0.0 0.1 0.9 
0.247 0.9 0.0 0.1 0.9 
0.246 0.9 0.0 0.1 0.9 
0.245 0.9 0.0 0.1 0.9 
0.244 0.9 0.0 0.1 0.9 
0.243 0.9 0.0 0.1 0.9 
0.242 0.9 0.0 0.1 0.9 
0.241 0.9 0.0 0.1 0.9 
0.24 0.9 0.0 0.1 0.9 
0.239 0.9 0.0 0.1 0.9 
0.238 0.9 0.0 0.1 0.9 
0.237 0.9 0.0 0.1 0.9 
0.236 0.9 0.0 0.1 0.9 
0.235 0.9 0.0 0.1 0.9 
0.234 0.9 0.0 0.1 0.9 
0.233 0.9 0.0 0.1 0.9 
0.232 0.9 0.0 0.1 0.9 
0.231 0.9 0.0 0.1 0.9 
0.23 0.9 0.0 0.1 0.9 
0.229 0.9 0.0 0.1 0.9 
0.228 0.9 0.0 0.1 0.9 
0.227 0.9 0.0 0.1 0.9 
0.226 0.9 0.0 0.1 0.9 
0.225 0.9 0.0 0.1 0.9 
0.224 0.9 0.0 0.1 0.9 
0.223 0.9 0.0 0.1 0.9 
0.222 0.9 0.0 0.1 0.9 
0.221 0.9 0.0 0.1 0.9 
0.22 0.9 0.0 0.1 0.9 
0.219 0.9 0.0 0.1 0.9 
0.218 0.9 0.0 0.1 0.9 
0.217 0.9 0.0 0.1 0.9 
0.216 0.9 0.0 0.1 0.9 
0.215 0.9 0.0 0.1 0.9 
0.214 0.9 0.0 0.1 0.9 
0.213 0.9 0.0 0.1 0.9 
0.212 0.9 0.0 0.1 0.9 
0.211 0.9 0.0 0.1 0.9 
0.21 0.9 0.0 0.1 0.9 
0.209 0.9 0.0 0.1 0.9 
0.208 0.9 0.0 0.1 0.9 
0.207 0.9 0.0 0.1 0.9 
0.206 0.9 0.0 0.1 0.9 
0.205 0.9 0.0 0.1 0.9 
0.204 0.9 0.0 0.1 0.9 
0.203 0.9 0.0 0.1 0.9 
0.202 0.9 0.0 0.1 0.9 
0.201 0.9 0.0 0.1 0.9 
0.2 0.9 0.0 0.1 0.9 
0.199 0.9 0.0 0.1 0.9 
0.198 0.9 0.0 0.1 0.9 
0.197 0.9 0.0 0.1 0.9 
0.196 0.9 0.0 0.1 0.9 
0.195 0.9 0.0 0.1 0.9 
0.194 0.9 0.0 0.1 0.9 
0.193 0.9 0.0 0.1 0.9 
0.192 0.9 0.0 0.1 0.9 
0.191 0.9 0.0 0.1 0.9 
0.19 0.9 0.0 0.1 0.9 
0.189 0.9 0.0 0.1 0.9 
0.188 0.9 0.0 0.1 0.9 
0.187 0.9 0.0 0.1 0.9 
0.186 0.9 0.0 0.1 0.9 
0.185 0.9 0.0 0.1 0.9 
0.184 0.9 0.0 0.1 0.9 
0.183 0.9 0.0 0.1 0.9 
0.182 0.9 0.0 0.1 0.9 
0.181 0.9 0.0 0.1 0.9 
0.18 0.9 0.0 0.1 0.9 
0.179 0.9 0.0 0.1 0.9 
0.178 0.9 0.0 0.1 0.9 
0.177 0.9 0.0 0.1 0.9 
0.176 0.9 0.0 0.1 0.9 
0.176 0.9 0.0 0.1 0.9 
0.176 0.901 0.0 0.1 0.9 
0.176 0.902 0.0 0.1 0.9 
0.176 0.903 0.0 0.1 0.9 
0.176 0.904 0.0 0.1 0.9 
0.176 0.905 0.0 0.1 0.9 
0.176 0.906 0.0 0.1 0.9 
0.176 0.907 0.0 0.1 0.9 
0.176 0.908 0.0 0.1 0.9 
0.176 0.909 0.0 0.1 0.9 
0.176 0.91 0.0 0.1 0.9 
0.176 0.911 0.0 0.1 0.9 
0.176 0.912 0.0 0.1 0.9 
0.176 0.913 0.0 0.1 0.9 
0.176 0.914 0.0 0.1 0.9 
0.176 0.914 0.0 0.1 0.9 
0.175 0.914 0.0 0.1 0.9 
0.174 0.914 0.0 0.1 0.9 
0.173 0.914 0.0 0.1 0.9 
0.172 0.914 0.0 0.1 0.9 
0.171 0.914 0.0 0.1 0.9 
0.17 0.914 0.0 0.1 0.9 
0.169 0.914 0.0 0.1 0.9 
0.168 0.914 0.0 0.1 0.9 
0.167 0.914 0.0 0.1 0.9 
0.166 0.914 0.0 0.1 0.9 
0.165 0.914 0.0 0.1 0.9 
0.164 0.914 0.0 0.1 0.9 
0.163 0.914 0.0 0.1 0.9 
0.162 0.914 0.0 0.1 0.9 
0.161 0.914 0.0 0.1 0.9 
0.16 0.914 0.0 0.1 0.9 
0.159 0.914 0.0 0.1 0.9 
0.158 0.914 0.0 0.1 0.9 
0.157 0.914 0.0 0.1 0.9 
0.157 0.914 0.0 0.1 0.9 
0.157 0.915 0.0 0.1 0.9 
0.157 0.916 0.0 0.1 0.9 
0.157 0.917 0.0 0.1 0.9 
0.157 0.918 0.0 0.1 0.9 
0.157 0.919 0.0 0.1 0.9 
0.157 0.92 0.0 0.1 0.9 
0.157 0.921 0.0 0.1 0.9 
0.157 0.922 0.0 0.1 0.9 
0.157 0.923 0.0 0.1 0.9 
0.157 0.924 0.0 0.1 0.9 
0.157 0.925 0.0 0.1 0.9 
0.157 0.926 0.0 0.1 0.9 
0.157 0.927 0.0 0.1 0.9 
0.157 0.928 0.0 0.1 0.9 
0.157 0.929 0.0 0.1 0.9 
0.157 0.93 0.0 0.1 0.9 
0.157 0.931 0.0 0.1 0.9 
0.157 0.931 0.0 0.1 0.9 
0.156 0.931 0.0 0.1 0.9 
0.155 0.931 0.0 0.1 0.9 
0.154 0.931 0.0 0.1 0.9 
0.153 0.931 0.0 0.1 0.9 
0.152 0.931 0.0 0.1 0.9 
0.151 0.931 0.0 0.1 0.9 
0.15 0.931 0.0 0.1 0.9 
0.149 0.931 0.0 0.1 0.9 
0.148 0.931 0.0 0.1 0.9 
0.147 0.931 0.0 0.1 0.9 
0.146 0.931 0.0 0.1 0.9 
0.145 0.931 0.0 0.1 0.9 
0.144 0.931 0.0 0.1 0.9 
0.143 0.931 0.0 0.1 0.9 
0.142 0.931 0.0 0.1 0.9 
0.141 0.931 0.0 0.1 0.9 
0.14 0.931 0.0 0.1 0.9 
0.139 0.931 0.0 0.1 0.9 
0.138 0.931 0.0 0.1 0.9 
0.137 0.931 0.0 0.1 0.9 
0.136 0.931 0.0 0.1 0.9 
0.135 0.931 0.0 0.1 0.9 
0.134 0.931 0.0 0.1 0.9 
0.133 0.931 0.0 0.1 0.9 
0.132 0.931 0.0 0.1 0.9 
0.131 0.931 0.0 0.1 0.9 
0.13 0.931 0.0 0.1 0.9 
0.129 0.931 0.0 0.1 0.9 
0.128 0.931 0.0 0.1 0.9 
0.127 0.931 0.0 0.1 0.9 
0.126 0.931 0.0 0.1 0.9 
0.125 0.931 0.0 0.1 0.9 
0.124 0.931 0.0 0.1 0.9 
0.123 0.931 0.0 0.1 0.9 
0.122 0.931 0.0 0.1 0.9 
0.121 0.931 0.0 0.1 0.9 
0.12 0.931 0.0 0.1 0.9 
0.119 0.931 0.0 0.1 0.9 
0.118 0.931 0.0 0.1 0.9 
0.117 0.931 0.0 0.1 0.9 
0.116 0.931 0.0 0.1 0.9 
0.115 0.931 0.0 0.1 0.9 
0.114 0.931 0.0 0.1 0.9 
0.113 0.931 0.0 0.1 0.9 
0.112 0.931 0.0 0.1 0.9 
0.112 0.931 0.0 0.1 0.9 
0.111 0.931 0.0 0.1 0.9 
0.11 0.931 0.0 0.1 0.9 
0.109 0.931 0.0 0.1 0.9 
0.108 0.931 0.0 0.1 0.9 
0.107 0.931 0.0 0.1 0.9 
0.106 0.931 0.0 0.1 0.9 
0.105 0.931 0.0 0.1 0.9 
0.104 0.931 0.0 0.1 0.9 
0.103 0.931 0.0 0.1 0.9 
0.102 0.931 0.0 0.1 0.9 
0.101 0.931 0.0 0.1 0.9 
0.1 0.931 0.0 0.1 0.9 
0.099 0.931 0.0 0.1 0.9 
0.098 0.931 0.0 0.1 0.9 
0.097 0.931 0.0 0.1 0.9 
0.096 0.931 0.0 0.1 0.9 
0.095 0.931 0.0 0.1 0.9 
0.094 0.931 0.0 0.1 0.9 
0.093 0.931 0.0 0.1 0.9 
0.092 0.931 0.0 0.1 0.9 
0.091 0.931 0.0 0.1 0.9 
0.09 0.931 0.0 0.1 0.9 
0.089 0.931 0.0 0.1 0.9 
0.088 0.931 0.0 0.1 0.9 
0.087 0.931 0.0 0.1 0.9 
0.086 0.931 0.0 0.1 0.9 
0.085 0.931 0.0 0.1 0.9 
0.084 0.931 0.0 0.1 0.9 
0.083 0.931 0.0 0.1 0.9 
0.082 0.931 0.0 0.1 0.9 
0.081 0.931 0.0 0.1 0.9 
0.08 0.931 0.0 0.1 0.9 
0.079 0.931 0.0 0.1 0.9 
0.078 0.931 0.0 0.1 0.9 
0.077 0.931 0.0 0.1 0.9 
0.076 0.931 0.0 0.1 0.9 
0.075 0.931 0.0 0.1 0.9 
0.074 0.931 0.0 0.1 0.9 
0.074 0.931 0.0 0.1 0.9 
0.073 0.931 0.0 0.1 0.9 
0.072 0.931 0.0 0.1 0.9 
0.071 0.931 0.0 0.1 0.9 
0.07 0.931 0.0 0.1 0.9 
0.069 0.931 0.0 0.1 0.9 
0.068 0.931 0.0 0.1 0.9 
0.067 0.931 0.0 0.1 0.9 
0.066 0.931 0.0 0.1 0.9 
0.065 0.931 0.0 0.1 0.9 
0.064 0.931 0.0 0.1 0.9 
0.063 0.931 0.0 0.1 0.9 
0.062 0.931 0.0 0.1 0.9 
0.061 0.931 0.0 0.1 0.9 
0.06 0.931 0.0 0.1 0.9 
0.059 0.931 0.0 0.1 0.9 
0.058 0.931 0.0 0.1 0.9 
0.057 0.931 0.0 0.1 0.9 
0.056 0.931 0.0 0.1 0.9 
0.055 0.931 0.0 0.1 0.9 
0.054 0.931 0.0 0.1 0.9 
0.053 0.931 0.0 0.1 0.9 
0.052 0.931 0.0 0.1 0.9 
0.051 0.931 0.0 0.1 0.9 
0.05 0.931 0.0 0.1 0.9 
0.05 0.931 0.0 0.1 0.9 
0.05 0.93 0.0 0.1 0.9 
0.05 0.93 0.0 0.1 0.9 
0.05 0.929 0.0 0.1 0.9 
0.05 0.928 0.0 0.1 0.9 
0.05 0.927 0.0 0.1 0.9 
0.05 0.926 0.0 0.1 0.9 
0.05 0.925 0.0 0.1 0.9 
0.05 0.924 0.0 0.1 0.9 
0.05 0.923 0.0 0.1 0.9 
0.05 0.922 0.0 0.1 0.9 
0.05 0.921 0.0 0.1 0.9 
0.05 0.92 0.0 0.1 0.9 
0.05 0.919 0.0 0.1 0.9 
0.05 0.918 0.0 0.1 0.9 
0.05 0.917 0.0 0.1 0.9 
0.05 0.916 0.0 0.1 0.9 
0.05 0.915 0.0 0.1 0.9 
0.05 0.914 0.0 0.1 0.9 
0.05 0.913 0.0 0.1 0.9 
0.05 0.912 0.0 0.1 0.9 
0.05 0.911 0.0 0.1 0.9 
0.05 0.91 0.0 0.1 0.9 
0.05 0.909 0.0 0.1 0.9 
0.05 0.908 0.0 0.1 0.9 
0.05 0.907 0.0 0.1 0.9 
0.05 0.906 0.0 0.1 0.9 
0.05 0.905 0.0 0.1 0.9 
0.05 0.904 0.0 0.1 0.9 
0.05 0.903 0.0 0.1 0.9 
0.05 0.902 0.0 0.1 0.9 
0.05 0.901 0.0 0.1 0.9 
0.05 0.9 0.0 0.1 0.9 
0.05 0.899 0.0 0.1 0.9 
0.05 0.898 0.0 0.1 0.9 
0.05 0.897 0.0 0.1 0.9 
0.05 0.896 0.0 0.1 0.9 
0.05 0.895 0.0 0.1 0.9 
0.05 0.894 0.0 0.1 0.9 
0.05 0.893 0.0 0.1 0.9 
0.05 0.892 0.0 0.1 0.9 
0.05 0.891 0.0 0.1 0.9 
0.05 0.89 0.0 0.1 0.9 
0.05 0.89 0.0 0.1 0.9 
0.05 0.889 0.0 0.1 0.9 
0.05 0.888 0.0 0.1 0.9 
0.05 0.887 0.0 0.1 0.9 
0.05 0.886 0.0 0.1 0.9 
0.05 0.885 0.0 0.1 0.9 
0.05 0.884 0.0 0.1 0.9 
0.05 0.883 0.0 0.1 0.9 
0.05 0.882 0.0 0.1 0.9 
0.05 0.881 0.0 0.1 0.9 
0.05 0.881 0.0 0.1 0.9 
0.05 0.88 0.0 0.1 0.9 
0.05 0.879 0.0 0.1 0.9 
0.05 0.878 0.0 0.1 0.9 
0.05 0.877 0.0 0.1 0.9 
0.05 0.876 0.0 0.1 0.9 
0.05 0.875 0.0 0.1 0.9 
0.05 0.874 0.0 0.1 0.9 
0.05 0.873 0.0 0.1 0.9 
0.05 0.872 0.0 0.1 0.9 
0.05 0.872 0.0 0.1 0.9 
0.049 0.872 0.0 0.1 0.9 
0.048 0.872 0.0 0.1 0.9 
0.047 0.872 0.0 0.1 0.9 
0.046 0.872 0.0 0.1 0.9 
0.045 0.872 0.0 0.1 0.9 
0.044 0.872 0.0 0.1 0.9 
0.043 0.872 0.0 0.1 0.9 
0.042 0.872 0.0 0.1 0.9 
0.041 0.872 0.0 0.1 0.9 
0.04 0.872 0.0 0.1 0.9 
0.039 0.872 0.0 0.1 0.9 
0.039 0.872 0.0 0.1 0.9 
0.039 0.872 0.04 0.1 0.9 
0.039 0.872 0.08 0.1 0.9 
0.039 0.872 0.12 0.1 0.9 
0.039 0.872 0.16 0.1 0.9 
0.039 0.872 0.2 0.1 0.9 
0.039 0.872 0.24 0.1 0.9 
0.039 0.872 0.28 0.1 0.9 
0.039 0.872 0.32 0.1 0.9 
0.039 0.872 0.36 0.1 0.9 
0.039 0.872 0.4 0.1 0.9 
0.039 0.872 0.44 0.1 0.9 
0.039 0.872 0.48 0.1 0.9 
0.039 0.872 0.52 0.1 0.9 
0.039 0.872 0.56 0.1 0.9 
0.039 0.872 0.6 0.1 0.9 
0.039 0.872 0.64 0.1 0.9 
0.039 0.872 0.68 0.1 0.9 
0.039 0.872 0.72 0.1 0.9 
0.039 0.872 0.76 0.1 0.9 
0.039 0.872 0.8 0.1 0.9 
0.039 0.872 0.84 0.1 0.9 
0.039 0.872 0.88 0.1 0.9 
0.039 0.872 0.92 0.1 0.9 
0.039 0.872 0.96 0.1 0.9 
0.039 0.872 1.0 0.1 0.9 
0.039 0.872 1.04 0.1 0.9 
0.039 0.872 1.08 0.1 0.9 
0.039 0.872 1.12 0.1 0.9 
0.039 0.872 1.16 0.1 0.9 
0.039 0.872 1.2 0.1 0.9 
0.039 0.872 1.24 0.1 0.9 
0.039 0.872 1.28 0.1 0.9 
0.039 0.872 1.32 0.1 0.9 
0.039 0.872 1.36 0.1 0.9 
0.039 0.872 1.4 0.1 0.9 
0.039 0.872 1.44 0.1 0.9 
0.039 0.872 1.48 0.1 0.9 
0.039 0.872 1.52 0.1 0.9 
0.039 0.872 1.56 0.1 0.9 
0.039 0.872 1.571 0.1 0.9 
0.039 0.872 1.571 0.1 0.9 
0.039 0.873 1.571 0.1 0.9 
0.039 0.873 1.571 0.1 0.9 
0.039 0.874 1.571 0.1 0.9 
0.039 0.875 1.571 0.1 0.9 
0.039 0.876 1.571 0.1 0.9 
0.039 0.877 1.571 0.1 0.9 
0.039 0.878 1.571 0.1 0.9 
0.039 0.879 1.571 0.1 0.9 
0.039 0.88 1.571 0.1 0.9 
0.039 0.881 1.571 0.1 0.9 
0.039 0.882 1.571 0.1 0.9 
0.039 0.883 1.571 0.1 0.9 
0.039 0.884 1.571 0.1 0.9 
0.039 0.885 1.571 0.1 0.9 
0.039 0.886 1.571 0.1 0.9 
0.039 0.887 1.571 0.1 0.9 
0.039 0.888 1.571 0.1 0.9 
0.039 0.889 1.571 0.1 0.9 
0.039 0.89 1.571 0.1 0.9 
0.039 0.891 1.571 0.1 0.9 
0.039 0.892 1.571 0.1 0.9 
0.039 0.893 1.571 0.1 0.9 
0.039 0.894 1.571 0.1 0.9 
0.039 0.895 1.571 0.1 0.9 
0.039 0.896 1.571 0.1 0.9 
0.039 0.897 1.571 0.1 0.9 
0.039 0.898 1.571 0.1 0.9 
0.039 0.899 1.571 0.1 0.9 
0.039 0.9 1.571 0.1 0.9 
0.039 0.9 1.571 0.1 0.9 
0.04 0.9 1.571 0.1 0.9 
0.041 0.9 1.571 0.1 0.9 
0.042 0.9 1.571 0.1 0.9 
0.043 0.9 1.571 0.1 0.9 
0.044 0.9 1.571 0.1 0.9 
0.045 0.9 1.571 0.1 0.9 
0.046 0.9 1.571 0.1 0.9 
0.047 0.9 1.571 0.1 0.9 
0.048 0.9 1.571 0.1 0.9 
0.049 0.9 1.571 0.1 0.9 
0.05 0.9 1.571 0.1 0.9 
0.051 0.9 1.571 0.1 0.9 
0.052 0.9 1.571 0.1 0.9 
0.053 0.9 1.571 0.1 0.9 
0.054 0.9 1.571 0.1 0.9 
0.055 0.9 1.571 0.1 0.9 
0.056 0.9 1.571 0.1 0.9 
0.057 0.9 1.571 0.1 0.9 
0.058 0.9 1.571 0.1 0.9 
0.059 0.9 1.571 0.1 0.9 
0.06 0.9 1.571 0.1 0.9 
0.061 0.9 1.571 0.1 0.9 
0.062 0.9 1.571 0.1 0.9 
0.063 0.9 1.571 0.1 0.9 
0.064 0.9 1.571 0.1 0.9 
0.065 0.9 1.571 0.1 0.9 
0.066 0.9 1.571 0.1 0.9 
0.067 0.9 1.571 0.1 0.9 
0.068 0.9 1.571 0.1 0.9 
0.069 0.9 1.571 0.1 0.9 
0.07 0.9 1.571 0.1 0.9 
0.071 0.9 1.571 0.1 0.9 
0.072 0.9 1.571 0.1 0.9 
0.073 0.9 1.571 0.1 0.9 
0.074 0.9 1.571 0.1 0.9 
0.075 0.9 1.571 0.1 0.9 
0.075 0.9 1.571 0.1 0.9 
0.076 0.9 1.571 0.101 0.9 
0.077 0.9 1.571 0.102 0.9 
0.078 0.9 1.571 0.103 0.9 
0.079 0.9 1.571 0.104 0.9 
0.08 0.9 1.571 0.105 0.9 
0.081 0.9 1.571 0.106 0.9 
0.082 0.9 1.571 0.107 0.9 
0.083 0.9 1.571 0.108 0.9 
0.084 0.9 1.571 0.109 0.9 
0.085 0.9 1.571 0.11 0.9 
0.086 0.9 1.571 0.111 0.9 
0.087 0.9 1.571 0.112 0.9 
0.088 0.9 1.571 0.113 0.9 
0.089 0.9 1.571 0.114 0.9 
0.09 0.9 1.571 0.115 0.9 
0.091 0.9 1.571 0.116 0.9 
0.092 0.9 1.571 0.117 0.9 
0.093 0.9 1.571 0.118 0.9 
0.094 0.9 1.571 0.119 0.9 
0.095 0.9 1.571 0.12 0.9 
0.096 0.9 1.571 0.121 0.9 
0.097 0.9 1.571 0.122 0.9 
0.098 0.9 1.571 0.123 0.9 
0.099 0.9 1.571 0.124 0.9 
0.1 0.9 1.571 0.125 0.9 
0.101 0.9 1.571 0.126 0.9 
0.102 0.9 1.571 0.127 0.9 
0.103 0.9 1.571 0.128 0.9 
0.104 0.9 1.571 0.129 0.9 
0.105 0.9 1.571 0.13 0.9 
0.106 0.9 1.571 0.131 0.9 
0.107 0.9 1.571 0.132 0.9 
0.108 0.9 1.571 0.133 0.9 
0.109 0.9 1.571 0.134 0.9 
0.11 0.9 1.571 0.135 0.9 
0.111 0.9 1.571 0.136 0.9 
0.112 0.9 1.571 0.137 0.9 
0.113 0.9 1.571 0.138 0.9 
0.114 0.9 1.571 0.139 0.9 
0.115 0.9 1.571 0.14 0.9 
0.116 0.9 1.571 0.141 0.9 
0.117 0.9 1.571 0.142 0.9 
0.118 0.9 1.571 0.143 0.9 
0.119 0.9 1.571 0.144 0.9 
0.12 0.9 1.571 0.145 0.9 
0.121 0.9 1.571 0.146 0.9 
0.122 0.9 1.571 0.147 0.9 
0.123 0.9 1.571 0.148 0.9 
0.124 0.9 1.571 0.149 0.9 
0.125 0.9 1.571 0.15 0.9 
0.126 0.9 1.571 0.151 0.9 
0.127 0.9 1.571 0.152 0.9 
0.128 0.9 1.571 0.153 0.9 
0.129 0.9 1.571 0.154 0.9 
0.13 0.9 1.571 0.155 0.9 
0.131 0.9 1.571 0.156 0.9 
0.132 0.9 1.571 0.157 0.9 
0.133 0.9 1.571 0.158 0.9 
0.134 0.9 1.571 0.159 0.9 
0.135 0.9 1.571 0.16 0.9 
0.136 0.9 1.571 0.161 0.9 
0.137 0.9 1.571 0.162 0.9 
0.138 0.9 1.571 0.163 0.9 
0.139 0.9 1.571 0.164 0.9 
0.14 0.9 1.571 0.165 0.9 
0.141 0.9 1.571 0.166 0.9 
0.142 0.9 1.571 0.167 0.9 
0.143 0.9 1.571 0.168 0.9 
0.144 0.9 1.571 0.169 0.9 
0.145 0.9 1.571 0.17 0.9 
0.146 0.9 1.571 0.171 0.9 
0.147 0.9 1.571 0.172 0.9 
0.148 0.9 1.571 0.173 0.9 
0.149 0.9 1.571 0.174 0.9 
0.15 0.9 1.571 0.175 0.9 
0.151 0.9 1.571 0.176 0.9 
0.152 0.9 1.571 0.177 0.9 
0.153 0.9 1.571 0.178 0.9 
0.154 0.9 1.571 0.179 0.9 
0.155 0.9 1.571 0.18 0.9 
0.156 0.9 1.571 0.181 0.9 
0.157 0.9 1.571 0.182 0.9 
0.158 0.9 1.571 0.183 0.9 
0.159 0.9 1.571 0.184 0.9 
0.16 0.9 1.571 0.185 0.9 
0.161 0.9 1.571 0.186 0.9 
0.162 0.9 1.571 0.187 0.9 
0.163 0.9 1.571 0.188 0.9 
0.164 0.9 1.571 0.189 0.9 
0.165 0.9 1.571 0.19 0.9 
0.166 0.9 1.571 0.191 0.9 
0.167 0.9 1.571 0.192 0.9 
0.168 0.9 1.571 0.193 0.9 
0.169 0.9 1.571 0.194 0.9 
0.17 0.9 1.571 0.195 0.9 
0.171 0.9 1.571 0.196 0.9 
0.172 0.9 1.571 0.197 0.9 
0.173 0.9 1.571 0.198 0.9 
0.174 0.9 1.571 0.199 0.9 
0.175 0.9 1.571 0.2 0.9 
0.176 0.9 1.571 0.201 0.9 
0.177 0.9 1.571 0.202 0.9 
0.178 0.9 1.571 0.203 0.9 
0.179 0.9 1.571 0.204 0.9 
0.18 0.9 1.571 0.205 0.9 
0.181 0.9 1.571 0.206 0.9 
0.182 0.9 1.571 0.207 0.9 
0.183 0.9 1.571 0.208 0.9 
0.184 0.9 1.571 0.209 0.9 
0.185 0.9 1.571 0.21 0.9 
0.186 0.9 1.571 0.211 0.9 
0.187 0.9 1.571 0.212 0.9 
0.188 0.9 1.571 0.213 0.9 
0.189 0.9 1.571 0.214 0.9 
0.19 0.9 1.571 0.215 0.9 
0.191 0.9 1.571 0.216 0.9 
0.192 0.9 1.571 0.217 0.9 
0.193 0.9 1.571 0.218 0.9 
0.194 0.9 1.571 0.219 0.9 
0.195 0.9 1.571 0.22 0.9 
0.196 0.9 1.571 0.221 0.9 
0.197 0.9 1.571 0.222 0.9 
0.198 0.9 1.571 0.223 0.9 
0.199 0.9 1.571 0.224 0.9 
0.2 0.9 1.571 0.225 0.9 
0.201 0.9 1.571 0.226 0.9 
0.202 0.9 1.571 0.227 0.9 
0.203 0.9 1.571 0.228 0.9 
0.204 0.9 1.571 0.229 0.9 
0.205 0.9 1.571 0.23 0.9 
0.206 0.9 1.571 0.231 0.9 
0.207 0.9 1.571 0.232 0.9 
0.208 0.9 1.571 0.233 0.9 
0.209 0.9 1.571 0.234 0.9 
0.21 0.9 1.571 0.235 0.9 
0.211 0.9 1.571 0.236 0.9 
0.212 0.9 1.571 0.237 0.9 
0.213 0.9 1.571 0.238 0.9 
0.214 0.9 1.571 0.239 0.9 
0.215 0.9 1.571 0.24 0.9 
0.216 0.9 1.571 0.241 0.9 
0.217 0.9 1.571 0.242 0.9 
0.218 0.9 1.571 0.243 0.9 
0.219 0.9 1.571 0.244 0.9 
0.22 0.9 1.571 0.245 0.9 
0.221 0.9 1.571 0.246 0.9 
0.222 0.9 1.571 0.247 0.9 
0.223 0.9 1.571 0.248 0.9 
0.224 0.9 1.571 0.249 0.9 
0.225 0.9 1.571 0.25 0.9 
0.226 0.9 1.571 0.251 0.9 
0.227 0.9 1.571 0.252 0.9 
0.228 0.9 1.571 0.253 0.9 
0.229 0.9 1.571 0.254 0.9 
0.23 0.9 1.571 0.255 0.9 
0.231 0.9 1.571 0.256 0.9 
0.232 0.9 1.571 0.257 0.9 
0.233 0.9 1.571 0.258 0.9 
0.234 0.9 1.571 0.259 0.9 
0.235 0.9 1.571 0.26 0.9 
0.236 0.9 1.571 0.261 0.9 
0.237 0.9 1.571 0.262 0.9 
0.238 0.9 1.571 0.263 0.9 
0.239 0.9 1.571 0.264 0.9 
0.24 0.9 1.571 0.265 0.9 
0.241 0.9 1.571 0.266 0.9 
0.242 0.9 1.571 0.267 0.9 
0.243 0.9 1.571 0.268 0.9 
0.244 0.9 1.571 0.269 0.9 
0.245 0.9 1.571 0.27 0.9 
0.246 0.9 1.571 0.271 0.9 
0.247 0.9 1.571 0.272 0.9 
0.248 0.9 1.571 0.273 0.9 
0.249 0.9 1.571 0.274 0.9 
0.25 0.9 1.571 0.275 0.9 
0.251 0.9 1.571 0.276 0.9 
0.252 0.9 1.571 0.277 0.9 
0.253 0.9 1.571 0.278 0.9 
0.254 0.9 1.571 0.279 0.9 
0.255 0.9 1.571 0.28 0.9 
0.256 0.9 1.571 0.281 0.9 
0.257 0.9 1.571 0.282 0.9 
0.258 0.9 1.571 0.283 0.9 
0.259 0.9 1.571 0.284 0.9 
0.26 0.9 1.571 0.285 0.9 
0.261 0.9 1.571 0.286 0.9 
0.262 0.9 1.571 0.287 0.9 
0.263 0.9 1.571 0.288 0.9 
0.264 0.9 1.571 0.289 0.9 
0.265 0.9 1.571 0.29 0.9 
0.266 0.9 1.571 0.291 0.9 
0.267 0.9 1.571 0.292 0.9 
0.268 0.9 1.571 0.293 0.9 
0.269 0.9 1.571 0.294 0.9 
0.27 0.9 1.571 0.295 0.9 
0.271 0.9 1.571 0.296 0.9 
0.272 0.9 1.571 0.297 0.9 
0.273 0.9 1.571 0.298 0.9 
0.274 0.9 1.571 0.299 0.9 
0.275 0.9 1.571 0.3 0.9 
0.276 0.9 1.571 0.301 0.9 
0.277 0.9 1.571 0.302 0.9 
0.278 0.9 1.571 0.303 0.9 
0.279 0.9 1.571 0.304 0.9 
0.28 0.9 1.571 0.305 0.9 
0.281 0.9 1.571 0.306 0.9 
0.282 0.9 1.571 0.307 0.9 
0.283 0.9 1.571 0.308 0.9 
0.284 0.9 1.571 0.309 0.9 
0.285 0.9 1.571 0.31 0.9 
0.286 0.9 1.571 0.311 0.9 
0.287 0.9 1.571 0.312 0.9 
0.288 0.9 1.571 0.313 0.9 
0.289 0.9 1.571 0.314 0.9 
0.29 0.9 1.571 0.315 0.9 
0.291 0.9 1.571 0.316 0.9 
0.292 0.9 1.571 0.317 0.9 
0.293 0.9 1.571 0.318 0.9 
0.294 0.9 1.571 0.319 0.9 
0.295 0.9 1.571 0.32 0.9 
0.296 0.9 1.571 0.321 0.9 
0.297 0.9 1.571 0.322 0.9 
0.298 0.9 1.571 0.323 0.9 
0.299 0.9 1.571 0.324 0.9 
0.3 0.9 1.571 0.325 0.9 
0.301 0.9 1.571 0.326 0.9 
0.302 0.9 1.571 0.327 0.9 
0.303 0.9 1.571 0.328 0.9 
0.304 0.9 1.571 0.329 0.9 
0.305 0.9 1.571 0.33 0.9 
0.306 0.9 1.571 0.331 0.9 
0.307 0.9 1.571 0.332 0.9 
0.308 0.9 1.571 0.333 0.9 
0.309 0.9 1.571 0.334 0.9 
0.31 0.9 1.571 0.335 0.9 
0.311 0.9 1.571 0.336 0.9 
0.312 0.9 1.571 0.337 0.9 
0.313 0.9 1.571 0.338 0.9 
0.314 0.9 1.571 0.339 0.9 
0.315 0.9 1.571 0.34 0.9 
0.316 0.9 1.571 0.341 0.9 
0.317 0.9 1.571 0.342 0.9 
0.318 0.9 1.571 0.343 0.9 
0.319 0.9 1.571 0.344 0.9 
0.32 0.9 1.571 0.345 0.9 
0.321 0.9 1.571 0.346 0.9 
0.322 0.9 1.571 0.347 0.9 
0.323 0.9 1.571 0.348 0.9 
0.324 0.9 1.571 0.349 0.9 
0.325 0.9 1.571 0.35 0.9 
0.326 0.9 1.571 0.351 0.9 
0.327 0.9 1.571 0.352 0.9 
0.328 0.9 1.571 0.353 0.9 
0.329 0.9 1.571 0.354 0.9 
0.33 0.9 1.571 0.355 0.9 
0.331 0.9 1.571 0.356 0.9 
0.332 0.9 1.571 0.357 0.9 
0.333 0.9 1.571 0.358 0.9 
0.334 0.9 1.571 0.359 0.9 
0.335 0.9 1.571 0.36 0.9 
0.336 0.9 1.571 0.361 0.9 
0.337 0.9 1.571 0.362 0.9 
0.338 0.9 1.571 0.363 0.9 
0.339 0.9 1.571 0.364 0.9 
0.34 0.9 1.571 0.365 0.9 
0.341 0.9 1.571 0.366 0.9 
0.342 0.9 1.571 0.367 0.9 
0.343 0.9 1.571 0.368 0.9 
0.344 0.9 1.571 0.369 0.9 
0.345 0.9 1.571 0.37 0.9 
0.346 0.9 1.571 0.371 0.9 
0.347 0.9 1.571 0.372 0.9 
0.348 0.9 1.571 0.373 0.9 
0.349 0.9 1.571 0.374 0.9 
0.35 0.9 1.571 0.375 0.9 
0.351 0.9 1.571 0.376 0.9 
0.352 0.9 1.571 0.377 0.9 
0.353 0.9 1.571 0.378 0.9 
0.354 0.9 1.571 0.379 0.9 
0.355 0.9 1.571 0.38 0.9 
0.356 0.9 1.571 0.381 0.9 
0.357 0.9 1.571 0.382 0.9 
0.358 0.9 1.571 0.383 0.9 
0.359 0.9 1.571 0.384 0.9 
0.36 0.9 1.571 0.385 0.9 
0.361 0.9 1.571 0.386 0.9 
0.362 0.9 1.571 0.387 0.9 
0.363 0.9 1.571 0.388 0.9 
0.364 0.9 1.571 0.389 0.9 
0.365 0.9 1.571 0.39 0.9 
0.366 0.9 1.571 0.391 0.9 
0.367 0.9 1.571 0.392 0.9 
0.368 0.9 1.571 0.393 0.9 
0.369 0.9 1.571 0.394 0.9 
0.37 0.9 1.571 0.395 0.9 
0.371 0.9 1.571 0.396 0.9 
0.372 0.9 1.571 0.397 0.9 
0.373 0.9 1.571 0.398 0.9 
0.374 0.9 1.571 0.399 0.9 
0.375 0.9 1.571 0.4 0.9 
0.376 0.9 1.571 0.401 0.9 
0.377 0.9 1.571 0.402 0.9 
0.378 0.9 1.571 0.403 0.9 
0.379 0.9 1.571 0.404 0.9 
0.38 0.9 1.571 0.405 0.9 
0.381 0.9 1.571 0.406 0.9 
0.382 0.9 1.571 0.407 0.9 
0.383 0.9 1.571 0.408 0.9 
0.384 0.9 1.571 0.409 0.9 
0.385 0.9 1.571 0.41 0.9 
0.386 0.9 1.571 0.411 0.9 
0.387 0.9 1.571 0.412 0.9 
0.388 0.9 1.571 0.413 0.9 
0.389 0.9 1.571 0.414 0.9 
0.39 0.9 1.571 0.415 0.9 
0.391 0.9 1.571 0.416 0.9 
0.392 0.9 1.571 0.417 0.9 
0.393 0.9 1.571 0.418 0.9 
0.394 0.9 1.571 0.419 0.9 
0.395 0.9 1.571 0.42 0.9 
0.396 0.9 1.571 0.421 0.9 
0.397 0.9 1.571 0.422 0.9 
0.398 0.9 1.571 0.423 0.9 
0.399 0.9 1.571 0.424 0.9 
0.4 0.9 1.571 0.425 0.9 
0.401 0.9 1.571 0.426 0.9 
0.402 0.9 1.571 0.427 0.9 
0.403 0.9 1.571 0.428 0.9 
0.404 0.9 1.571 0.429 0.9 
0.405 0.9 1.571 0.43 0.9 
0.406 0.9 1.571 0.431 0.9 
0.407 0.9 1.571 0.432 0.9 
0.408 0.9 1.571 0.433 0.9 
0.409 0.9 1.571 0.434 0.9 
0.41 0.9 1.571 0.435 0.9 
0.411 0.9 1.571 0.436 0.9 
0.412 0.9 1.571 0.437 0.9 
0.413 0.9 1.571 0.438 0.9 
0.414 0.9 1.571 0.439 0.9 
0.415 0.9 1.571 0.44 0.9 
0.416 0.9 1.571 0.441 0.9 
0.417 0.9 1.571 0.442 0.9 
0.418 0.9 1.571 0.443 0.9 
0.419 0.9 1.571 0.444 0.9 
0.42 0.9 1.571 0.445 0.9 
0.421 0.9 1.571 0.446 0.9 
0.422 0.9 1.571 0.447 0.9 
0.423 0.9 1.571 0.448 0.9 
0.424 0.9 1.571 0.449 0.9 
0.425 0.9 1.571 0.45 0.9 
0.426 0.9 1.571 0.451 0.9 
0.427 0.9 1.571 0.452 0.9 
0.428 0.9 1.571 0.453 0.9 
0.429 0.9 1.571 0.454 0.9 
0.43 0.9 1.571 0.455 0.9 
0.431 0.9 1.571 0.456 0.9 
0.432 0.9 1.571 0.457 0.9 
0.433 0.9 1.571 0.458 0.9 
0.434 0.9 1.571 0.459 0.9 
0.435 0.9 1.571 0.46 0.9 
0.436 0.9 1.571 0.461 0.9 
0.437 0.9 1.571 0.462 0.9 
0.438 0.9 1.571 0.463 0.9 
0.439 0.9 1.571 0.464 0.9 
0.44 0.9 1.571 0.465 0.9 
0.441 0.9 1.571 0.466 0.9 
0.442 0.9 1.571 0.467 0.9 
0.443 0.9 1.571 0.468 0.9 
0.444 0.9 1.571 0.469 0.9 
0.445 0.9 1.571 0.47 0.9 
0.446 0.9 1.571 0.471 0.9 
0.447 0.9 1.571 0.472 0.9 
0.448 0.9 1.571 0.473 0.9 
0.449 0.9 1.571 0.474 0.9 
0.45 0.9 1.571 0.475 0.9 
0.451 0.9 1.571 0.476 0.9 
0.452 0.9 1.571 0.477 0.9 
0.453 0.9 1.571 0.478 0.9 
0.454 0.9 1.571 0.479 0.9 
0.455 0.9 1.571 0.48 0.9 
0.456 0.9 1.571 0.481 0.9 
0.457 0.9 1.571 0.482 0.9 
0.458 0.9 1.571 0.483 0.9 
0.459 0.9 1.571 0.484 0.9 
0.46 0.9 1.571 0.485 0.9 
0.461 0.9 1.571 0.486 0.9 
0.462 0.9 1.571 0.487 0.9 
0.463 0.9 1.571 0.488 0.9 
0.464 0.9 1.571 0.489 0.9 
0.465 0.9 1.571 0.49 0.9 
0.466 0.9 1.571 0.491 0.9 
0.467 0.9 1.571 0.492 0.9 
0.468 0.9 1.571 0.493 0.9 
0.469 0.9 1.571 0.494 0.9 
0.47 0.9 1.571 0.495 0.9 
0.471 0.9 1.571 0.496 0.9 
0.472 0.9 1.571 0.497 0.9 
0.473 0.9 1.571 0.498 0.9 
0.474 0.9 1.571 0.499 0.9 
0.475 0.9 1.571 0.5 0.9 
0.476 0.9 1.571 0.501 0.9 
0.477 0.9 1.571 0.502 0.9 
0.478 0.9 1.571 0.503 0.9 
0.479 0.9 1.571 0.504 0.9 
0.48 0.9 1.571 0.505 0.9 
0.481 0.9 1.571 0.506 0.9 
0.482 0.9 1.571 0.507 0.9 
0.483 0.9 1.571 0.508 0.9 
0.484 0.9 1.571 0.509 0.9 
0.485 0.9 1.571 0.51 0.9 
0.486 0.9 1.571 0.511 0.9 
0.487 0.9 1.571 0.512 0.9 
0.488 0.9 1.571 0.513 0.9 
0.489 0.9 1.571 0.514 0.9 
0.49 0.9 1.571 0.515 0.9 
0.491 0.9 1.571 0.516 0.9 
0.492 0.9 1.571 0.517 0.9 
0.493 0.9 1.571 0.518 0.9 
0.494 0.9 1.571 0.519 0.9 
0.495 0.9 1.571 0.52 0.9 
0.496 0.9 1.571 0.521 0.9 
0.497 0.9 1.571 0.522 0.9 
0.498 0.9 1.571 0.523 0.9 
0.499 0.9 1.571 0.524 0.9 
0.5 0.9 1.571 0.525 0.9 
0.501 0.9 1.571 0.526 0.9 
0.502 0.9 1.571 0.527 0.9 
0.503 0.9 1.571 0.528 0.9 
0.504 0.9 1.571 0.529 0.9 
0.505 0.9 1.571 0.53 0.9 
0.506 0.9 1.571 0.531 0.9 
0.507 0.9 1.571 0.532 0.9 
0.508 0.9 1.571 0.533 0.9 
0.509 0.9 1.571 0.534 0.9 
0.51 0.9 1.571 0.535 0.9 
0.511 0.9 1.571 0.536 0.9 
0.512 0.9 1.571 0.537 0.9 
0.513 0.9 1.571 0.538 0.9 
0.514 0.9 1.571 0.539 0.9 
0.515 0.9 1.571 0.54 0.9 
0.516 0.9 1.571 0.541 0.9 
0.517 0.9 1.571 0.542 0.9 
0.518 0.9 1.571 0.543 0.9 
0.519 0.9 1.571 0.544 0.9 
0.52 0.9 1.571 0.545 0.9 
0.521 0.9 1.571 0.546 0.9 
0.522 0.9 1.571 0.547 0.9 
0.523 0.9 1.571 0.548 0.9 
0.524 0.9 1.571 0.549 0.9 
0.525 0.9 1.571 0.55 0.9 
0.526 0.9 1.571 0.551 0.9 
0.527 0.9 1.571 0.552 0.9 
0.528 0.9 1.571 0.553 0.9 
0.529 0.9 1.571 0.554 0.9 
0.53 0.9 1.571 0.555 0.9 
0.531 0.9 1.571 0.556 0.9 
0.532 0.9 1.571 0.557 0.9 
0.533 0.9 1.571 0.558 0.9 
0.534 0.9 1.571 0.559 0.9 
0.535 0.9 1.571 0.56 0.9 
0.536 0.9 1.571 0.561 0.9 
0.537 0.9 1.571 0.562 0.9 
0.538 0.9 1.571 0.563 0.9 
0.539 0.9 1.571 0.564 0.9 
0.54 0.9 1.571 0.565 0.9 
0.541 0.9 1.571 0.566 0.9 
0.542 0.9 1.571 0.567 0.9 
0.543 0.9 1.571 0.568 0.9 
0.544 0.9 1.571 0.569 0.9 
0.545 0.9 1.571 0.57 0.9 
0.546 0.9 1.571 0.571 0.9 
0.547 0.9 1.571 0.572 0.9 
0.548 0.9 1.571 0.573 0.9 
0.549 0.9 1.571 0.574 0.9 
0.55 0.9 1.571 0.575 0.9 
0.551 0.9 1.571 0.576 0.9 
0.552 0.9 1.571 0.577 0.9 
0.553 0.9 1.571 0.578 0.9 
0.554 0.9 1.571 0.579 0.9 
0.555 0.9 1.571 0.58 0.9 
0.556 0.9 1.571 0.581 0.9 
0.557 0.9 1.571 0.582 0.9 
0.558 0.9 1.571 0.583 0.9 
0.559 0.9 1.571 0.584 0.9 
0.56 0.9 1.571 0.585 0.9 
0.561 0.9 1.571 0.586 0.9 
0.562 0.9 1.571 0.587 0.9 
0.563 0.9 1.571 0.588 0.9 
0.564 0.9 1.571 0.589 0.9 
0.565 0.9 1.571 0.59 0.9 
0.566 0.9 1.571 0.591 0.9 
0.567 0.9 1.571 0.592 0.9 
0.568 0.9 1.571 0.593 0.9 
0.569 0.9 1.571 0.594 0.9 
0.57 0.9 1.571 0.595 0.9 
0.571 0.9 1.571 0.596 0.9 
0.572 0.9 1.571 0.597 0.9 
0.573 0.9 1.571 0.598 0.9 
0.574 0.9 1.571 0.599 0.9 
0.575 0.9 1.571 0.6 0.9 
0.576 0.9 1.571 0.601 0.9 
0.577 0.9 1.571 0.602 0.9 
0.578 0.9 1.571 0.603 0.9 
0.579 0.9 1.571 0.604 0.9 
0.58 0.9 1.571 0.605 0.9 
0.581 0.9 1.571 0.606 0.9 
0.582 0.9 1.571 0.607 0.9 
0.583 0.9 1.571 0.608 0.9 
0.584 0.9 1.571 0.609 0.9 
0.585 0.9 1.571 0.61 0.9 
0.586 0.9 1.571 0.611 0.9 
0.587 0.9 1.571 0.612 0.9 
0.588 0.9 1.571 0.613 0.9 
0.589 0.9 1.571 0.614 0.9 
0.59 0.9 1.571 0.615 0.9 
0.591 0.9 1.571 0.616 0.9 
0.592 0.9 1.571 0.617 0.9 
0.593 0.9 1.571 0.618 0.9 
0.594 0.9 1.571 0.619 0.9 
0.595 0.9 1.571 0.62 0.9 
0.596 0.9 1.571 0.621 0.9 
0.597 0.9 1.571 0.622 0.9 
0.598 0.9 1.571 0.623 0.9 
0.599 0.9 1.571 0.624 0.9 
0.6 0.9 1.571 0.625 0.9 
0.601 0.9 1.571 0.626 0.9 
0.602 0.9 1.571 0.627 0.9 
0.603 0.9 1.571 0.628 0.9 
0.604 0.9 1.571 0.629 0.9 
0.605 0.9 1.571 0.63 0.9 
0.606 0.9 1.571 0.631 0.9 
0.607 0.9 1.571 0.632 0.9 
0.608 0.9 1.571 0.633 0.9 
0.609 0.9 1.571 0.634 0.9 
0.61 0.9 1.571 0.635 0.9 
0.611 0.9 1.571 0.636 0.9 
0.612 0.9 1.571 0.637 0.9 
0.613 0.9 1.571 0.638 0.9 
0.614 0.9 1.571 0.639 0.9 
0.615 0.9 1.571 0.64 0.9 
0.616 0.9 1.571 0.641 0.9 
0.617 0.9 1.571 0.642 0.9 
0.618 0.9 1.571 0.643 0.9 
0.619 0.9 1.571 0.644 0.9 
0.62 0.9 1.571 0.645 0.9 
0.621 0.9 1.571 0.646 0.9 
0.622 0.9 1.571 0.647 0.9 
0.623 0.9 1.571 0.648 0.9 
0.624 0.9 1.571 0.649 0.9 
0.625 0.9 1.571 0.65 0.9 
0.626 0.9 1.571 0.651 0.9 
0.627 0.9 1.571 0.652 0.9 
0.628 0.9 1.571 0.653 0.9 
0.629 0.9 1.571 0.654 0.9 
0.63 0.9 1.571 0.655 0.9 
0.631 0.9 1.571 0.656 0.9 
0.632 0.9 1.571 0.657 0.9 
0.633 0.9 1.571 0.658 0.9 
0.634 0.9 1.571 0.659 0.9 
0.635 0.9 1.571 0.66 0.9 
0.636 0.9 1.571 0.661 0.9 
0.637 0.9 1.571 0.662 0.9 
0.638 0.9 1.571 0.663 0.9 
0.639 0.9 1.571 0.664 0.9 
0.64 0.9 1.571 0.665 0.9 
0.641 0.9 1.571 0.666 0.9 
0.642 0.9 1.571 0.667 0.9 
0.643 0.9 1.571 0.668 0.9 
0.644 0.9 1.571 0.669 0.9 
0.645 0.9 1.571 0.67 0.9 
0.646 0.9 1.571 0.671 0.9 
0.647 0.9 1.571 0.672 0.9 
0.648 0.9 1.571 0.673 0.9 
0.649 0.9 1.571 0.674 0.9 
0.65 0.9 1.571 0.675 0.9 
0.651 0.9 1.571 0.676 0.9 
0.652 0.9 1.571 0.677 0.9 
0.653 0.9 1.571 0.678 0.9 
0.654 0.9 1.571 0.679 0.9 
0.655 0.9 1.571 0.68 0.9 
0.656 0.9 1.571 0.681 0.9 
0.657 0.9 1.571 0.682 0.9 
0.658 0.9 1.571 0.683 0.9 
0.659 0.9 1.571 0.684 0.9 
0.66 0.9 1.571 0.685 0.9 
0.661 0.9 1.571 0.686 0.9 
0.662 0.9 1.571 0.687 0.9 
0.663 0.9 1.571 0.688 0.9 
0.664 0.9 1.571 0.689 0.9 
0.665 0.9 1.571 0.69 0.9 
0.666 0.9 1.571 0.691 0.9 
0.667 0.9 1.571 0.692 0.9 
0.668 0.9 1.571 0.693 0.9 
0.669 0.9 1.571 0.694 0.9 
0.67 0.9 1.571 0.695 0.9 
0.671 0.9 1.571 0.696 0.9 
0.672 0.9 1.571 0.697 0.9 
0.673 0.9 1.571 0.698 0.9 
0.674 0.9 1.571 0.699 0.9 
0.675 0.9 1.571 0.7 0.9 
0.676 0.9 1.571 0.701 0.9 
0.677 0.9 1.571 0.702 0.9 
0.678 0.9 1.571 0.703 0.9 
0.679 0.9 1.571 0.704 0.9 
0.68 0.9 1.571 0.705 0.9 
0.681 0.9 1.571 0.706 0.9 
0.682 0.9 1.571 0.707 0.9 
0.683 0.9 1.571 0.708 0.9 
0.684 0.9 1.571 0.709 0.9 
0.685 0.9 1.571 0.71 0.9 
0.686 0.9 1.571 0.711 0.9 
0.687 0.9 1.571 0.712 0.9 
0.688 0.9 1.571 0.713 0.9 
0.689 0.9 1.571 0.714 0.9 
0.69 0.9 1.571 0.715 0.9 
0.691 0.9 1.571 0.716 0.9 
0.692 0.9 1.571 0.717 0.9 
0.693 0.9 1.571 0.718 0.9 
0.694 0.9 1.571 0.719 0.9 
0.695 0.9 1.571 0.72 0.9 
0.696 0.9 1.571 0.721 0.9 
0.697 0.9 1.571 0.722 0.9 
0.698 0.9 1.571 0.723 0.9 
0.699 0.9 1.571 0.724 0.9 
0.7 0.9 1.571 0.725 0.9 
0.701 0.9 1.571 0.726 0.9 
0.702 0.9 1.571 0.727 0.9 
0.703 0.9 1.571 0.728 0.9 
0.704 0.9 1.571 0.729 0.9 
0.705 0.9 1.571 0.73 0.9 
0.706 0.9 1.571 0.731 0.9 
0.707 0.9 1.571 0.732 0.9 
0.708 0.9 1.571 0.733 0.9 
0.709 0.9 1.571 0.734 0.9 
0.71 0.9 1.571 0.735 0.9 
0.711 0.9 1.571 0.736 0.9 
0.712 0.9 1.571 0.737 0.9 
0.713 0.9 1.571 0.738 0.9 
0.714 0.9 1.571 0.739 0.9 
0.715 0.9 1.571 0.74 0.9 
0.716 0.9 1.571 0.741 0.9 
0.717 0.9 1.571 0.742 0.9 
0.718 0.9 1.571 0.743 0.9 
0.719 0.9 1.571 0.744 0.9 
0.72 0.9 1.571 0.745 0.9 
0.721 0.9 1.571 0.746 0.9 
0.722 0.9 1.571 0.747 0.9 
0.723 0.9 1.571 0.748 0.9 
0.724 0.9 1.571 0.749 0.9 
0.725 0.9 1.571 0.75 0.9 
0.726 0.9 1.571 0.751 0.9 
0.727 0.9 1.571 0.752 0.9 
0.728 0.9 1.571 0.753 0.9 
0.729 0.9 1.571 0.754 0.9 
0.73 0.9 1.571 0.755 0.9 
0.731 0.9 1.571 0.756 0.9 
0.732 0.9 1.571 0.757 0.9 
0.733 0.9 1.571 0.758 0.9 
0.734 0.9 1.571 0.759 0.9 
0.735 0.9 1.571 0.76 0.9 
0.736 0.9 1.571 0.761 0.9 
0.737 0.9 1.571 0.762 0.9 
0.738 0.9 1.571 0.763 0.9 
0.739 0.9 1.571 0.764 0.9 
0.74 0.9 1.571 0.765 0.9 
0.741 0.9 1.571 0.766 0.9 
0.742 0.9 1.571 0.767 0.9 
0.743 0.9 1.571 0.768 0.9 
0.744 0.9 1.571 0.769 0.9 
0.745 0.9 1.571 0.77 0.9 
0.746 0.9 1.571 0.771 0.9 
0.747 0.9 1.571 0.772 0.9 
0.748 0.9 1.571 0.773 0.9 
0.749 0.9 1.571 0.774 0.9 
0.75 0.9 1.571 0.775 0.9 
0.751 0.9 1.571 0.776 0.9 
0.752 0.9 1.571 0.777 0.9 
0.753 0.9 1.571 0.778 0.9 
0.754 0.9 1.571 0.779 0.9 
0.755 0.9 1.571 0.78 0.9 
0.756 0.9 1.571 0.781 0.9 
0.757 0.9 1.571 0.782 0.9 
0.758 0.9 1.571 0.783 0.9 
0.759 0.9 1.571 0.784 0.9 
0.76 0.9 1.571 0.785 0.9 
0.761 0.9 1.571 0.786 0.9 
0.762 0.9 1.571 0.787 0.9 
0.763 0.9 1.571 0.788 0.9 
0.764 0.9 1.571 0.789 0.9 
0.765 0.9 1.571 0.79 0.9 
0.766 0.9 1.571 0.791 0.9 
0.767 0.9 1.571 0.792 0.9 
0.768 0.9 1.571 0.793 0.9 
0.769 0.9 1.571 0.794 0.9 
0.77 0.9 1.571 0.795 0.9 
0.771 0.9 1.571 0.796 0.9 
0.772 0.9 1.571 0.797 0.9 
0.773 0.9 1.571 0.798 0.9 
0.774 0.9 1.571 0.799 0.9 
0.775 0.9 1.571 0.8 0.9 
0.776 0.9 1.571 0.801 0.9 
0.777 0.9 1.571 0.802 0.9 
0.778 0.9 1.571 0.803 0.9 
0.779 0.9 1.571 0.804 0.9 
0.78 0.9 1.571 0.805 0.9 
0.781 0.9 1.571 0.806 0.9 
0.782 0.9 1.571 0.807 0.9 
0.783 0.9 1.571 0.808 0.9 
0.784 0.9 1.571 0.809 0.9 
0.785 0.9 1.571 0.81 0.9 
0.786 0.9 1.571 0.811 0.9 
0.787 0.9 1.571 0.812 0.9 
0.788 0.9 1.571 0.813 0.9 
0.789 0.9 1.571 0.814 0.9 
0.79 0.9 1.571 0.815 0.9 
0.791 0.9 1.571 0.816 0.9 
0.792 0.9 1.571 0.817 0.9 
0.793 0.9 1.571 0.818 0.9 
0.794 0.9 1.571 0.819 0.9 
0.795 0.9 1.571 0.82 0.9 
0.796 0.9 1.571 0.821 0.9 
0.797 0.9 1.571 0.822 0.9 
0.798 0.9 1.571 0.823 0.9 
0.799 0.9 1.571 0.824 0.9 
0.8 0.9 1.571 0.825 0.9 
0.801 0.9 1.571 0.826 0.9 
0.802 0.9 1.571 0.827 0.9 
0.803 0.9 1.571 0.828 0.9 
0.804 0.9 1.571 0.829 0.9 
0.805 0.9 1.571 0.83 0.9 
0.806 0.9 1.571 0.831 0.9 
0.807 0.9 1.571 0.832 0.9 
0.808 0.9 1.571 0.833 0.9 
0.809 0.9 1.571 0.834 0.9 
0.81 0.9 1.571 0.835 0.9 
0.811 0.9 1.571 0.836 0.9 
0.812 0.9 1.571 0.837 0.9 
0.813 0.9 1.571 0.838 0.9 
0.814 0.9 1.571 0.839 0.9 
0.815 0.9 1.571 0.84 0.9 
0.816 0.9 1.571 0.841 0.9 
0.817 0.9 1.571 0.842 0.9 
0.818 0.9 1.571 0.843 0.9 
0.819 0.9 1.571 0.844 0.9 
0.82 0.9 1.571 0.845 0.9 
0.821 0.9 1.571 0.846 0.9 
0.822 0.9 1.571 0.847 0.9 
0.823 0.9 1.571 0.848 0.9 
0.824 0.9 1.571 0.849 0.9 
0.825 0.9 1.571 0.85 0.9 
0.826 0.9 1.571 0.851 0.9 
0.827 0.9 1.571 0.852 0.9 
0.828 0.9 1.571 0.853 0.9 
0.829 0.9 1.571 0.854 0.9 
0.83 0.9 1.571 0.855 0.9 
0.831 0.9 1.571 0.856 0.9 
0.832 0.9 1.571 0.857 0.9 
0.833 0.9 1.571 0.858 0.9 
0.834 0.9 1.571 0.859 0.9 
0.835 0.9 1.571 0.86 0.9 
0.836 0.9 1.571 0.861 0.9 
0.837 0.9 1.571 0.862 0.9 
0.838 0.9 1.571 0.863 0.9 
0.839 0.9 1.571 0.864 0.9 
0.84 0.9 1.571 0.865 0.9 
0.841 0.9 1.571 0.866 0.9 
0.842 0.9 1.571 0.867 0.9 
0.843 0.9 1.571 0.868 0.9 
0.844 0.9 1.571 0.869 0.9 
0.845 0.9 1.571 0.87 0.9 
0.846 0.9 1.571 0.871 0.9 
0.847 0.9 1.571 0.872 0.9 
0.848 0.9 1.571 0.873 0.9 
0.849 0.9 1.571 0.874 0.9 
0.85 0.9 1.571 0.875 0.9 
0.851 0.9 1.571 0.876 0.9 
0.852 0.9 1.571 0.877 0.9 
0.853 0.9 1.571 0.878 0.9 
0.854 0.9 1.571 0.879 0.9 
0.855 0.9 1.571 0.88 0.9 
0.856 0.9 1.571 0.881 0.9 
0.857 0.9 1.571 0.882 0.9 
0.858 0.9 1.571 0.883 0.9 
0.859 0.9 1.571 0.884 0.9 
0.86 0.9 1.571 0.885 0.9 
0.861 0.9 1.571 0.886 0.9 
0.862 0.9 1.571 0.887 0.9 
0.863 0.9 1.571 0.888 0.9 
0.864 0.9 1.571 0.889 0.9 
0.865 0.9 1.571 0.89 0.9 
0.866 0.9 1.571 0.891 0.9 
0.867 0.9 1.571 0.892 0.9 
0.868 0.9 1.571 0.893 0.9 
0.869 0.9 1.571 0.894 0.9 
0.87 0.9 1.571 0.895 0.9 
0.871 0.9 1.571 0.896 0.9 
0.872 0.9 1.571 0.897 0.9 
0.873 0.9 1.571 0.898 0.9 
0.874 0.9 1.571 0.899 0.9 
0.875 0.9 1.571 0.9 0.9 
0.875 0.9 1.571 0.9 0.9 
0.874 0.9 1.571 0.9 0.9 
0.873 0.9 1.571 0.9 0.9 
0.872 0.9 1.571 0.9 0.9 
0.871 0.9 1.571 0.9 0.9 
0.87 0.9 1.571 0.9 0.9 
0.869 0.9 1.571 0.9 0.9 
0.868 0.9 1.571 0.9 0.9 
0.867 0.9 1.571 0.9 0.9 
0.866 0.9 1.571 0.9 0.9 
0.865 0.9 1.571 0.9 0.9 
0.864 0.9 1.571 0.9 0.9 
0.863 0.9 1.571 0.9 0.9 
0.862 0.9 1.571 0.9 0.9 
0.862 0.9 1.571 0.9 0.9 
0.862 0.901 1.571 0.9 0.9 
0.862 0.902 1.571 0.9 0.9 
0.862 0.903 1.571 0.9 0.9 
0.862 0.904 1.571 0.9 0.9 
0.862 0.905 1.571 0.9 0.9 
0.862 0.906 1.571 0.9 0.9 
0.862 0.907 1.571 0.9 0.9 
0.862 0.908 1.571 0.9 0.9 
0.862 0.909 1.571 0.9 0.9 
0.862 0.91 1.571 0.9 0.9 
0.862 0.911 1.571 0.9 0.9 
0.862 0.912 1.571 0.9 0.9 
0.862 0.913 1.571 0.9 0.9 
0.862 0.914 1.571 0.9 0.9 
0.862 0.915 1.571 0.9 0.9 
0.862 0.916 1.571 0.9 0.9 
0.862 0.917 1.571 0.9 0.9 
0.862 0.918 1.571 0.9 0.9 
0.862 0.919 1.571 0.9 0.9 
0.862 0.92 1.571 0.9 0.9 
0.862 0.921 1.571 0.9 0.9 
0.862 0.922 1.571 0.9 0.9 
0.862 0.923 1.571 0.9 0.9 
0.862 0.924 1.571 0.9 0.9 
0.862 0.925 1.571 0.9 0.9 
0.862 0.926 1.571 0.9 0.9 
0.862 0.926 1.571 0.9 0.9 
0.862 0.927 1.571 0.9 0.9 
0.862 0.928 1.571 0.9 0.9 
0.862 0.929 1.571 0.9 0.9 
0.862 0.93 1.571 0.9 0.9 
0.862 0.931 1.571 0.9 0.9 
0.862 0.932 1.571 0.9 0.9 
0.862 0.933 1.571 0.9 0.9 
0.862 0.934 1.571 0.9 0.9 
0.862 0.935 1.571 0.9 0.9 
0.862 0.936 1.571 0.9 0.9 
0.862 0.937 1.571 0.9 0.9 
0.862 0.938 1.571 0.9 0.9 
0.862 0.939 1.571 0.9 0.9 
0.862 0.939 1.571 0.9 0.9 
0.862 0.94 1.571 0.9 0.9 
0.862 0.941 1.571 0.9 0.9 
0.862 0.942 1.571 0.9 0.9 
0.862 0.943 1.571 0.9 0.9 
0.862 0.944 1.571 0.9 0.9 
0.862 0.945 1.571 0.9 0.9 
0.862 0.946 1.571 0.9 0.9 
0.862 0.946 1.571 0.9 0.9 
0.863 0.946 1.571 0.9 0.9 
0.864 0.946 1.571 0.9 0.9 
0.865 0.946 1.571 0.9 0.9 
0.866 0.946 1.571 0.9 0.9 
0.867 0.946 1.571 0.9 0.9 
0.867 0.946 1.571 0.9 0.9 
0.867 0.947 1.571 0.9 0.9 
0.867 0.948 1.571 0.9 0.9 
0.867 0.949 1.571 0.9 0.9 
0.867 0.95 1.571 0.9 0.9 
0.867 0.951 1.571 0.9 0.9 
0.867 0.952 1.571 0.9 0.9 
0.867 0.953 1.571 0.9 0.9 
0.867 0.954 1.571 0.9 0.9 
0.867 0.955 1.571 0.9 0.9 
0.867 0.956 1.571 0.9 0.9 
0.867 0.957 1.571 0.9 0.9 
0.867 0.958 1.571 0.9 0.9 
0.867 0.958 1.571 0.9 0.9 
0.868 0.958 1.571 0.9 0.9 
0.869 0.958 1.571 0.9 0.9 
0.87 0.958 1.571 0.9 0.9 
0.871 0.958 1.571 0.9 0.9 
0.872 0.958 1.571 0.9 0.9 
0.873 0.958 1.571 0.9 0.9 
0.874 0.958 1.571 0.9 0.9 
0.875 0.958 1.571 0.9 0.9 
0.876 0.958 1.571 0.9 0.9 
0.877 0.958 1.571 0.9 0.9 
0.878 0.958 1.571 0.9 0.9 
0.879 0.958 1.571 0.9 0.9 
0.88 0.958 1.571 0.9 0.9 
0.881 0.958 1.571 0.9 0.9 
0.882 0.958 1.571 0.9 0.9 
0.883 0.958 1.571 0.9 0.9 
0.884 0.958 1.571 0.9 0.9 
0.885 0.958 1.571 0.9 0.9 
0.886 0.958 1.571 0.9 0.9 
0.887 0.958 1.571 0.9 0.9 
0.888 0.958 1.571 0.9 0.9 
0.889 0.958 1.571 0.9 0.9 
0.89 0.958 1.571 0.9 0.9 
0.891 0.958 1.571 0.9 0.9 
0.892 0.958 1.571 0.9 0.9 
0.893 0.958 1.571 0.9 0.9 
0.894 0.958 1.571 0.9 0.9 
0.895 0.958 1.571 0.9 0.9 
0.896 0.958 1.571 0.9 0.9 
0.897 0.958 1.571 0.9 0.9 
0.898 0.958 1.571 0.9 0.9 
0.899 0.958 1.571 0.9 0.9 
0.9 0.958 1.571 0.9 0.9 
0.901 0.958 1.571 0.9 0.9 
0.902 0.958 1.571 0.9 0.9 
0.902 0.958 1.571 0.9 0.9 
0.903 0.958 1.571 0.9 0.9 
0.904 0.958 1.571 0.9 0.9 
0.905 0.958 1.571 0.9 0.9 
0.906 0.958 1.571 0.9 0.9 
0.907 0.958 1.571 0.9 0.9 
0.908 0.958 1.571 0.9 0.9 
0.909 0.958 1.571 0.9 0.9 
0.91 0.958 1.571 0.9 0.9 
0.911 0.958 1.571 0.9 0.9 
0.912 0.958 1.571 0.9 0.9 
0.913 0.958 1.571 0.9 0.9 
0.914 0.958 1.571 0.9 0.9 
0.915 0.958 1.571 0.9 0.9 
0.916 0.958 1.571 0.9 0.9 
0.916 0.958 1.571 0.9 0.9 
0.916 0.958 1.531 0.9 0.9 
0.916 0.958 1.491 0.9 0.9 
0.916 0.958 1.451 0.9 0.9 
0.916 0.958 1.411 0.9 0.9 
0.916 0.958 1.371 0.9 0.9 
0.916 0.958 1.331 0.9 0.9 
0.916 0.958 1.291 0.9 0.9 
0.916 0.958 1.251 0.9 0.9 
0.916 0.958 1.211 0.9 0.9 
0.916 0.958 1.171 0.9 0.9 
0.916 0.958 1.131 0.9 0.9 
0.916 0.958 1.091 0.9 0.9 
0.916 0.958 1.051 0.9 0.9 
0.916 0.958 1.011 0.9 0.9 
0.916 0.958 0.971 0.9 0.9 
0.916 0.958 0.931 0.9 0.9 
0.916 0.958 0.891 0.9 0.9 
0.916 0.958 0.851 0.9 0.9 
0.916 0.958 0.811 0.9 0.9 
0.916 0.958 0.771 0.9 0.9 
0.916 0.958 0.731 0.9 0.9 
0.916 0.958 0.691 0.9 0.9 
0.916 0.958 0.651 0.9 0.9 
0.916 0.958 0.611 0.9 0.9 
0.916 0.958 0.571 0.9 0.9 
0.916 0.958 0.531 0.9 0.9 
0.916 0.958 0.491 0.9 0.9 
0.916 0.958 0.451 0.9 0.9 
0.916 0.958 0.411 0.9 0.9 
0.916 0.958 0.371 0.9 0.9 
0.916 0.958 0.331 0.9 0.9 
0.916 0.958 0.291 0.9 0.9 
0.916 0.958 0.251 0.9 0.9 
0.916 0.958 0.211 0.9 0.9 
0.916 0.958 0.171 0.9 0.9 
0.916 0.958 0.131 0.9 0.9 
0.916 0.958 0.091 0.9 0.9 
0.916 0.958 0.051 0.9 0.9 
0.916 0.958 0.011 0.9 0.9 
0.916 0.958 0.0 0.9 0.9 
0.916 0.958 0.0 0.9 0.9 
0.916 0.957 0.0 0.9 0.9 
0.916 0.956 0.0 0.9 0.9 
0.916 0.955 0.0 0.9 0.9 
0.916 0.954 0.0 0.9 0.9 
0.916 0.954 0.0 0.9 0.9 
0.916 0.953 0.0 0.9 0.9 
0.916 0.952 0.0 0.9 0.9 
0.916 0.951 0.0 0.9 0.9 
0.916 0.95 0.0 0.9 0.9 
0.916 0.949 0.0 0.9 0.9 
0.916 0.948 0.0 0.9 0.9 
0.916 0.947 0.0 0.9 0.9 
0.916 0.946 0.0 0.9 0.9 
0.916 0.945 0.0 0.9 0.9 
0.916 0.944 0.0 0.9 0.9 
0.916 0.943 0.0 0.9 0.9 
0.916 0.942 0.0 0.9 0.9 
0.916 0.941 0.0 0.9 0.9 
0.916 0.94 0.0 0.9 0.9 
0.916 0.939 0.0 0.9 0.9 
0.916 0.938 0.0 0.9 0.9 
0.916 0.937 0.0 0.9 0.9 
0.916 0.936 0.0 0.9 0.9 
0.916 0.935 0.0 0.9 0.9 
0.916 0.934 0.0 0.9 0.9 
0.916 0.933 0.0 0.9 0.9 
0.916 0.932 0.0 0.9 0.9 
0.916 0.931 0.0 0.9 0.9 
0.916 0.93 0.0 0.9 0.9 
0.916 0.929 0.0 0.9 0.9 
0.916 0.928 0.0 0.9 0.9 
0.916 0.927 0.0 0.9 0.9 
0.916 0.926 0.0 0.9 0.9 
0.916 0.925 0.0 0.9 0.9 
0.916 0.925 0.0 0.9 0.9 
0.915 0.925 0.0 0.9 0.9 
0.914 0.925 0.0 0.9 0.9 
0.913 0.925 0.0 0.9 0.9 
0.912 0.925 0.0 0.9 0.9 
0.911 0.925 0.0 0.9 0.9 
0.91 0.925 0.0 0.9 0.9 
0.909 0.925 0.0 0.9 0.9 
0.908 0.925 0.0 0.9 0.9 
0.907 0.925 0.0 0.9 0.9 
0.906 0.925 0.0 0.9 0.9 
0.905 0.925 0.0 0.9 0.9 
0.904 0.925 0.0 0.9 0.9 
0.903 0.925 0.0 0.9 0.9 
0.902 0.925 0.0 0.9 0.9 
0.901 0.925 0.0 0.9 0.9 
0.9 0.925 0.0 0.9 0.9 
0.9 0.925 0.0 0.9 0.9 
0.9 0.924 0.0 0.9 0.899 
0.9 0.923 0.0 0.9 0.898 
0.9 0.922 0.0 0.9 0.897 
0.9 0.921 0.0 0.9 0.896 
0.9 0.92 0.0 0.9 0.895 
0.9 0.919 0.0 0.9 0.894 
0.9 0.918 0.0 0.9 0.893 
0.9 0.917 0.0 0.9 0.892 
0.9 0.916 0.0 0.9 0.891 
0.9 0.915 0.0 0.9 0.89 
0.9 0.914 0.0 0.9 0.889 
0.9 0.913 0.0 0.9 0.888 
0.9 0.912 0.0 0.9 0.887 
0.9 0.911 0.0 0.9 0.886 
0.9 0.91 0.0 0.9 0.885 
0.9 0.909 0.0 0.9 0.884 
0.9 0.908 0.0 0.9 0.883 
0.9 0.907 0.0 0.9 0.882 
0.9 0.906 0.0 0.9 0.881 
0.9 0.905 0.0 0.9 0.88 
0.9 0.904 0.0 0.9 0.879 
0.9 0.903 0.0 0.9 0.878 
0.9 0.902 0.0 0.9 0.877 
0.9 0.901 0.0 0.9 0.876 
0.9 0.9 0.0 0.9 0.875 
0.9 0.899 0.0 0.9 0.874 
0.9 0.898 0.0 0.9 0.873 
0.9 0.897 0.0 0.9 0.872 
0.9 0.896 0.0 0.9 0.871 
0.9 0.895 0.0 0.9 0.87 
0.9 0.894 0.0 0.9 0.869 
0.9 0.893 0.0 0.9 0.868 
0.9 0.892 0.0 0.9 0.867 
0.9 0.891 0.0 0.9 0.866 
0.9 0.89 0.0 0.9 0.865 
0.9 0.889 0.0 0.9 0.864 
0.9 0.888 0.0 0.9 0.863 
0.9 0.887 0.0 0.9 0.862 
0.9 0.886 0.0 0.9 0.861 
0.9 0.885 0.0 0.9 0.86 
0.9 0.884 0.0 0.9 0.859 
0.9 0.883 0.0 0.9 0.858 
0.9 0.882 0.0 0.9 0.857 
0.9 0.881 0.0 0.9 0.856 
0.9 0.88 0.0 0.9 0.855 
0.9 0.879 0.0 0.9 0.854 
0.9 0.878 0.0 0.9 0.853 
0.9 0.877 0.0 0.9 0.852 
0.9 0.876 0.0 0.9 0.851 
0.9 0.875 0.0 0.9 0.85 
0.9 0.874 0.0 0.9 0.849 
0.9 0.873 0.0 0.9 0.848 
0.9 0.872 0.0 0.9 0.847 
0.9 0.871 0.0 0.9 0.846 
0.9 0.87 0.0 0.9 0.845 
0.9 0.869 0.0 0.9 0.844 
0.9 0.868 0.0 0.9 0.843 
0.9 0.867 0.0 0.9 0.842 
0.9 0.866 0.0 0.9 0.841 
0.9 0.865 0.0 0.9 0.84 
0.9 0.864 0.0 0.9 0.839 
0.9 0.863 0.0 0.9 0.838 
0.9 0.862 0.0 0.9 0.837 
0.9 0.861 0.0 0.9 0.836 
0.9 0.86 0.0 0.9 0.835 
0.9 0.859 0.0 0.9 0.834 
0.9 0.858 0.0 0.9 0.833 
0.9 0.857 0.0 0.9 0.832 
0.9 0.856 0.0 0.9 0.831 
0.9 0.855 0.0 0.9 0.83 
0.9 0.854 0.0 0.9 0.829 
0.9 0.853 0.0 0.9 0.828 
0.9 0.852 0.0 0.9 0.827 
0.9 0.851 0.0 0.9 0.826 
0.9 0.85 0.0 0.9 0.825 
0.9 0.849 0.0 0.9 0.824 
0.9 0.848 0.0 0.9 0.823 
0.9 0.847 0.0 0.9 0.822 
0.9 0.846 0.0 0.9 0.821 
0.9 0.845 0.0 0.9 0.82 
0.9 0.844 0.0 0.9 0.819 
0.9 0.843 0.0 0.9 0.818 
0.9 0.842 0.0 0.9 0.817 
0.9 0.841 0.0 0.9 0.816 
0.9 0.84 0.0 0.9 0.815 
0.9 0.839 0.0 0.9 0.814 
0.9 0.838 0.0 0.9 0.813 
0.9 0.837 0.0 0.9 0.812 
0.9 0.836 0.0 0.9 0.811 
0.9 0.835 0.0 0.9 0.81 
0.9 0.834 0.0 0.9 0.809 
0.9 0.833 0.0 0.9 0.808 
0.9 0.832 0.0 0.9 0.807 
0.9 0.831 0.0 0.9 0.806 
0.9 0.83 0.0 0.9 0.805 
0.9 0.829 0.0 0.9 0.804 
0.9 0.828 0.0 0.9 0.803 
0.9 0.827 0.0 0.9 0.802 
0.9 0.826 0.0 0.9 0.801 
0.9 0.825 0.0 0.9 0.8 
0.9 0.824 0.0 0.9 0.799 
0.9 0.823 0.0 0.9 0.798 
0.9 0.822 0.0 0.9 0.797 
0.9 0.821 0.0 0.9 0.796 
0.9 0.82 0.0 0.9 0.795 
0.9 0.819 0.0 0.9 0.794 
0.9 0.818 0.0 0.9 0.793 
0.9 0.817 0.0 0.9 0.792 
0.9 0.816 0.0 0.9 0.791 
0.9 0.815 0.0 0.9 0.79 
0.9 0.814 0.0 0.9 0.789 
0.9 0.813 0.0 0.9 0.788 
0.9 0.812 0.0 0.9 0.787 
0.9 0.811 0.0 0.9 0.786 
0.9 0.81 0.0 0.9 0.785 
0.9 0.809 0.0 0.9 0.784 
0.9 0.808 0.0 0.9 0.783 
0.9 0.807 0.0 0.9 0.782 
0.9 0.806 0.0 0.9 0.781 
0.9 0.805 0.0 0.9 0.78 
0.9 0.804 0.0 0.9 0.779 
0.9 0.803 0.0 0.9 0.778 
0.9 0.802 0.0 0.9 0.777 
0.9 0.801 0.0 0.9 0.776 
0.9 0.8 0.0 0.9 0.775 
0.9 0.799 0.0 0.9 0.774 
0.9 0.798 0.0 0.9 0.773 
0.9 0.797 0.0 0.9 0.772 
0.9 0.796 0.0 0.9 0.771 
0.9 0.795 0.0 0.9 0.77 
0.9 0.794 0.0 0.9 0.769 
0.9 0.793 0.0 0.9 0.768 
0.9 0.792 0.0 0.9 0.767 
0.9 0.791 0.0 0.9 0.766 
0.9 0.79 0.0 0.9 0.765 
0.9 0.789 0.0 0.9 0.764 
0.9 0.788 0.0 0.9 0.763 
0.9 0.787 0.0 0.9 0.762 
0.9 0.786 0.0 0.9 0.761 
0.9 0.785 0.0 0.9 0.76 
0.9 0.784 0.0 0.9 0.759 
0.9 0.783 0.0 0.9 0.758 
0.9 0.782 0.0 0.9 0.757 
0.9 0.781 0.0 0.9 0.756 
0.9 0.78 0.0 0.9 0.755 
0.9 0.779 0.0 0.9 0.754 
0.9 0.778 0.0 0.9 0.753 
0.9 0.777 0.0 0.9 0.752 
0.9 0.776 0.0 0.9 0.751 
0.9 0.775 0.0 0.9 0.75 
0.9 0.774 0.0 0.9 0.749 
0.9 0.773 0.0 0.9 0.748 
0.9 0.772 0.0 0.9 0.747 
0.9 0.771 0.0 0.9 0.746 
0.9 0.77 0.0 0.9 0.745 
0.9 0.769 0.0 0.9 0.744 
0.9 0.768 0.0 0.9 0.743 
0.9 0.767 0.0 0.9 0.742 
0.9 0.766 0.0 0.9 0.741 
0.9 0.765 0.0 0.9 0.74 
0.9 0.764 0.0 0.9 0.739 
0.9 0.763 0.0 0.9 0.738 
0.9 0.762 0.0 0.9 0.737 
0.9 0.761 0.0 0.9 0.736 
0.9 0.76 0.0 0.9 0.735 
0.9 0.759 0.0 0.9 0.734 
0.9 0.758 0.0 0.9 0.733 
0.9 0.757 0.0 0.9 0.732 
0.9 0.756 0.0 0.9 0.731 
0.9 0.755 0.0 0.9 0.73 
0.9 0.754 0.0 0.9 0.729 
0.9 0.753 0.0 0.9 0.728 
0.9 0.752 0.0 0.9 0.727 
0.9 0.751 0.0 0.9 0.726 
0.9 0.75 0.0 0.9 0.725 
0.9 0.749 0.0 0.9 0.724 
0.9 0.748 0.0 0.9 0.723 
0.9 0.747 0.0 0.9 0.722 
0.9 0.746 0.0 0.9 0.721 
0.9 0.745 0.0 0.9 0.72 
0.9 0.744 0.0 0.9 0.719 
0.9 0.743 0.0 0.9 0.718 
0.9 0.742 0.0 0.9 0.717 
0.9 0.741 0.0 0.9 0.716 
0.9 0.74 0.0 0.9 0.715 
0.9 0.739 0.0 0.9 0.714 
0.9 0.738 0.0 0.9 0.713 
0.9 0.737 0.0 0.9 0.712 
0.9 0.736 0.0 0.9 0.711 
0.9 0.735 0.0 0.9 0.71 
0.9 0.734 0.0 0.9 0.709 
0.9 0.733 0.0 0.9 0.708 
0.9 0.732 0.0 0.9 0.707 
0.9 0.731 0.0 0.9 0.706 
0.9 0.73 0.0 0.9 0.705 
0.9 0.729 0.0 0.9 0.704 
0.9 0.728 0.0 0.9 0.703 
0.9 0.727 0.0 0.9 0.702 
0.9 0.726 0.0 0.9 0.701 
0.9 0.725 0.0 0.9 0.7 
0.9 0.724 0.0 0.9 0.699 
0.9 0.723 0.0 0.9 0.698 
0.9 0.722 0.0 0.9 0.697 
0.9 0.721 0.0 0.9 0.696 
0.9 0.72 0.0 0.9 0.695 
0.9 0.719 0.0 0.9 0.694 
0.9 0.718 0.0 0.9 0.693 
0.9 0.717 0.0 0.9 0.692 
0.9 0.716 0.0 0.9 0.691 
0.9 0.715 0.0 0.9 0.69 
0.9 0.714 0.0 0.9 0.689 
0.9 0.713 0.0 0.9 0.688 
0.9 0.712 0.0 0.9 0.687 
0.9 0.711 0.0 0.9 0.686 
0.9 0.71 0.0 0.9 0.685 
0.9 0.709 0.0 0.9 0.684 
0.9 0.708 0.0 0.9 0.683 
0.9 0.707 0.0 0.9 0.682 
0.9 0.706 0.0 0.9 0.681 
0.9 0.705 0.0 0.9 0.68 
0.9 0.704 0.0 0.9 0.679 
0.9 0.703 0.0 0.9 0.678 
0.9 0.702 0.0 0.9 0.677 
0.9 0.701 0.0 0.9 0.676 
0.9 0.7 0.0 0.9 0.675 
0.9 0.699 0.0 0.9 0.674 
0.9 0.698 0.0 0.9 0.673 
0.9 0.697 0.0 0.9 0.672 
0.9 0.696 0.0 0.9 0.671 
0.9 0.695 0.0 0.9 0.67 
0.9 0.694 0.0 0.9 0.669 
0.9 0.693 0.0 0.9 0.668 
0.9 0.692 0.0 0.9 0.667 
0.9 0.691 0.0 0.9 0.666 
0.9 0.69 0.0 0.9 0.665 
0.9 0.689 0.0 0.9 0.664 
0.9 0.688 0.0 0.9 0.663 
0.9 0.687 0.0 0.9 0.662 
0.9 0.686 0.0 0.9 0.661 
0.9 0.685 0.0 0.9 0.66 
0.9 0.684 0.0 0.9 0.659 
0.9 0.683 0.0 0.9 0.658 
0.9 0.682 0.0 0.9 0.657 
0.9 0.681 0.0 0.9 0.656 
0.9 0.68 0.0 0.9 0.655 
0.9 0.679 0.0 0.9 0.654 
0.9 0.678 0.0 0.9 0.653 
0.9 0.677 0.0 0.9 0.652 
0.9 0.676 0.0 0.9 0.651 
0.9 0.675 0.0 0.9 0.65 
0.9 0.674 0.0 0.9 0.649 
0.9 0.673 0.0 0.9 0.648 
0.9 0.672 0.0 0.9 0.647 
0.9 0.671 0.0 0.9 0.646 
0.9 0.67 0.0 0.9 0.645 
0.9 0.669 0.0 0.9 0.644 
0.9 0.668 0.0 0.9 0.643 
0.9 0.667 0.0 0.9 0.642 
0.9 0.666 0.0 0.9 0.641 
0.9 0.665 0.0 0.9 0.64 
0.9 0.664 0.0 0.9 0.639 
0.9 0.663 0.0 0.9 0.638 
0.9 0.662 0.0 0.9 0.637 
0.9 0.661 0.0 0.9 0.636 
0.9 0.66 0.0 0.9 0.635 
0.9 0.659 0.0 0.9 0.634 
0.9 0.658 0.0 0.9 0.633 
0.9 0.657 0.0 0.9 0.632 
0.9 0.656 0.0 0.9 0.631 
0.9 0.655 0.0 0.9 0.63 
0.9 0.654 0.0 0.9 0.629 
0.9 0.653 0.0 0.9 0.628 
0.9 0.652 0.0 0.9 0.627 
0.9 0.651 0.0 0.9 0.626 
0.9 0.65 0.0 0.9 0.625 
0.9 0.649 0.0 0.9 0.624 
0.9 0.648 0.0 0.9 0.623 
0.9 0.647 0.0 0.9 0.622 
0.9 0.646 0.0 0.9 0.621 
0.9 0.645 0.0 0.9 0.62 
0.9 0.644 0.0 0.9 0.619 
0.9 0.643 0.0 0.9 0.618 
0.9 0.642 0.0 0.9 0.617 
0.9 0.641 0.0 0.9 0.616 
0.9 0.64 0.0 0.9 0.615 
0.9 0.639 0.0 0.9 0.614 
0.9 0.638 0.0 0.9 0.613 
0.9 0.637 0.0 0.9 0.612 
0.9 0.636 0.0 0.9 0.611 
0.9 0.635 0.0 0.9 0.61 
0.9 0.634 0.0 0.9 0.609 
0.9 0.633 0.0 0.9 0.608 
0.9 0.632 0.0 0.9 0.607 
0.9 0.631 0.0 0.9 0.606 
0.9 0.63 0.0 0.9 0.605 
0.9 0.629 0.0 0.9 0.604 
0.9 0.628 0.0 0.9 0.603 
0.9 0.627 0.0 0.9 0.602 
0.9 0.626 0.0 0.9 0.601 
0.9 0.625 0.0 0.9 0.6 
0.9 0.624 0.0 0.9 0.599 
0.9 0.623 0.0 0.9 0.598 
0.9 0.622 0.0 0.9 0.597 
0.9 0.621 0.0 0.9 0.596 
0.9 0.62 0.0 0.9 0.595 
0.9 0.619 0.0 0.9 0.594 
0.9 0.618 0.0 0.9 0.593 
0.9 0.617 0.0 0.9 0.592 
0.9 0.616 0.0 0.9 0.591 
0.9 0.615 0.0 0.9 0.59 
0.9 0.614 0.0 0.9 0.589 
0.9 0.613 0.0 0.9 0.588 
0.9 0.612 0.0 0.9 0.587 
0.9 0.611 0.0 0.9 0.586 
0.9 0.61 0.0 0.9 0.585 
0.9 0.609 0.0 0.9 0.584 
0.9 0.608 0.0 0.9 0.583 
0.9 0.607 0.0 0.9 0.582 
0.9 0.606 0.0 0.9 0.581 
0.9 0.605 0.0 0.9 0.58 
0.9 0.604 0.0 0.9 0.579 
0.9 0.603 0.0 0.9 0.578 
0.9 0.602 0.0 0.9 0.577 
0.9 0.601 0.0 0.9 0.576 
0.9 0.6 0.0 0.9 0.575 
0.9 0.599 0.0 0.9 0.574 
0.9 0.598 0.0 0.9 0.573 
0.9 0.597 0.0 0.9 0.572 
0.9 0.596 0.0 0.9 0.571 
0.9 0.595 0.0 0.9 0.57 
0.9 0.594 0.0 0.9 0.569 
0.9 0.593 0.0 0.9 0.568 
0.9 0.592 0.0 0.9 0.567 
0.9 0.591 0.0 0.9 0.566 
0.9 0.59 0.0 0.9 0.565 
0.9 0.589 0.0 0.9 0.564 
0.9 0.588 0.0 0.9 0.563 
0.9 0.587 0.0 0.9 0.562 
0.9 0.586 0.0 0.9 0.561 
0.9 0.585 0.0 0.9 0.56 
0.9 0.584 0.0 0.9 0.559 
0.9 0.583 0.0 0.9 0.558 
0.9 0.582 0.0 0.9 0.557 
0.9 0.581 0.0 0.9 0.556 
0.9 0.58 0.0 0.9 0.555 
0.9 0.579 0.0 0.9 0.554 
0.9 0.578 0.0 0.9 0.553 
0.9 0.577 0.0 0.9 0.552 
0.9 0.576 0.0 0.9 0.551 
0.9 0.575 0.0 0.9 0.55 
0.9 0.574 0.0 0.9 0.549 
0.9 0.573 0.0 0.9 0.548 
0.9 0.572 0.0 0.9 0.547 
0.9 0.571 0.0 0.9 0.546 
0.9 0.57 0.0 0.9 0.545 
0.9 0.569 0.0 0.9 0.544 
0.9 0.568 0.0 0.9 0.543 
0.9 0.567 0.0 0.9 0.542 
0.9 0.566 0.0 0.9 0.541 
0.9 0.565 0.0 0.9 0.54 
0.9 0.564 0.0 0.9 0.539 
0.9 0.563 0.0 0.9 0.538 
0.9 0.562 0.0 0.9 0.537 
0.9 0.561 0.0 0.9 0.536 
0.9 0.56 0.0 0.9 0.535 
0.9 0.559 0.0 0.9 0.534 
0.9 0.558 0.0 0.9 0.533 
0.9 0.557 0.0 0.9 0.532 
0.9 0.556 0.0 0.9 0.531 
0.9 0.555 0.0 0.9 0.53 
0.9 0.554 0.0 0.9 0.529 
0.9 0.553 0.0 0.9 0.528 
0.9 0.552 0.0 0.9 0.527 
0.9 0.551 0.0 0.9 0.526 
0.9 0.55 0.0 0.9 0.525 
0.9 0.549 0.0 0.9 0.524 
0.9 0.548 0.0 0.9 0.523 
0.9 0.547 0.0 0.9 0.522 
0.9 0.546 0.0 0.9 0.521 
0.9 0.545 0.0 0.9 0.52 
0.9 0.544 0.0 0.9 0.519 
0.9 0.543 0.0 0.9 0.518 
0.9 0.542 0.0 0.9 0.517 
0.9 0.541 0.0 0.9 0.516 
0.9 0.54 0.0 0.9 0.515 
0.9 0.539 0.0 0.9 0.514 
0.9 0.538 0.0 0.9 0.513 
0.9 0.537 0.0 0.9 0.512 
0.9 0.536 0.0 0.9 0.511 
0.9 0.535 0.0 0.9 0.51 
0.9 0.534 0.0 0.9 0.509 
0.9 0.533 0.0 0.9 0.508 
0.9 0.532 0.0 0.9 0.507 
0.9 0.531 0.0 0.9 0.506 
0.9 0.53 0.0 0.9 0.505 
0.9 0.529 0.0 0.9 0.504 
0.9 0.528 0.0 0.9 0.503 
0.9 0.527 0.0 0.9 0.502 
0.9 0.526 0.0 0.9 0.501 
0.9 0.525 0.0 0.9 0.5 
0.9 0.524 0.0 0.9 0.499 
0.9 0.523 0.0 0.9 0.498 
0.9 0.522 0.0 0.9 0.497 
0.9 0.521 0.0 0.9 0.496 
0.9 0.52 0.0 0.9 0.495 
0.9 0.519 0.0 0.9 0.494 
0.9 0.518 0.0 0.9 0.493 
0.9 0.517 0.0 0.9 0.492 
0.9 0.516 0.0 0.9 0.491 
0.9 0.515 0.0 0.9 0.49 
0.9 0.514 0.0 0.9 0.489 
0.9 0.513 0.0 0.9 0.488 
0.9 0.512 0.0 0.9 0.487 
0.9 0.511 0.0 0.9 0.486 
0.9 0.51 0.0 0.9 0.485 
0.9 0.509 0.0 0.9 0.484 
0.9 0.508 0.0 0.9 0.483 
0.9 0.507 0.0 0.9 0.482 
0.9 0.506 0.0 0.9 0.481 
0.9 0.505 0.0 0.9 0.48 
0.9 0.504 0.0 0.9 0.479 
0.9 0.503 0.0 0.9 0.478 
0.9 0.502 0.0 0.9 0.477 
0.9 0.501 0.0 0.9 0.476 
0.9 0.5 0.0 0.9 0.475 
0.9 0.499 0.0 0.9 0.474 
0.9 0.498 0.0 0.9 0.473 
0.9 0.497 0.0 0.9 0.472 
0.9 0.496 0.0 0.9 0.471 
0.9 0.495 0.0 0.9 0.47 
0.9 0.494 0.0 0.9 0.469 
0.9 0.493 0.0 0.9 0.468 
0.9 0.492 0.0 0.9 0.467 
0.9 0.491 0.0 0.9 0.466 
0.9 0.49 0.0 0.9 0.465 
0.9 0.489 0.0 0.9 0.464 
0.9 0.488 0.0 0.9 0.463 
0.9 0.487 0.0 0.9 0.462 
0.9 0.486 0.0 0.9 0.461 
0.9 0.485 0.0 0.9 0.46 
0.9 0.484 0.0 0.9 0.459 
0.9 0.483 0.0 0.9 0.458 
0.9 0.482 0.0 0.9 0.457 
0.9 0.481 0.0 0.9 0.456 
0.9 0.48 0.0 0.9 0.455 
0.9 0.479 0.0 0.9 0.454 
0.9 0.478 0.0 0.9 0.453 
0.9 0.477 0.0 0.9 0.452 
0.9 0.476 0.0 0.9 0.451 
0.9 0.475 0.0 0.9 0.45 
0.9 0.474 0.0 0.9 0.449 
0.9 0.473 0.0 0.9 0.448 
0.9 0.472 0.0 0.9 0.447 
0.9 0.471 0.0 0.9 0.446 
0.9 0.47 0.0 0.9 0.445 
0.9 0.469 0.0 0.9 0.444 
0.9 0.468 0.0 0.9 0.443 
0.9 0.467 0.0 0.9 0.442 
0.9 0.466 0.0 0.9 0.441 
0.9 0.465 0.0 0.9 0.44 
0.9 0.464 0.0 0.9 0.439 
0.9 0.463 0.0 0.9 0.438 
0.9 0.462 0.0 0.9 0.437 
0.9 0.461 0.0 0.9 0.436 
0.9 0.46 0.0 0.9 0.435 
0.9 0.459 0.0 0.9 0.434 
0.9 0.458 0.0 0.9 0.433 
0.9 0.457 0.0 0.9 0.432 
0.9 0.456 0.0 0.9 0.431 
0.9 0.455 0.0 0.9 0.43 
0.9 0.454 0.0 0.9 0.429 
0.9 0.453 0.0 0.9 0.428 
0.9 0.452 0.0 0.9 0.427 
0.9 0.451 0.0 0.9 0.426 
0.9 0.45 0.0 0.9 0.425 
0.9 0.449 0.0 0.9 0.424 
0.9 0.448 0.0 0.9 0.423 
0.9 0.447 0.0 0.9 0.422 
0.9 0.446 0.0 0.9 0.421 
0.9 0.445 0.0 0.9 0.42 
0.9 0.444 0.0 0.9 0.419 
0.9 0.443 0.0 0.9 0.418 
0.9 0.442 0.0 0.9 0.417 
0.9 0.441 0.0 0.9 0.416 
0.9 0.44 0.0 0.9 0.415 
0.9 0.439 0.0 0.9 0.414 
0.9 0.438 0.0 0.9 0.413 
0.9 0.437 0.0 0.9 0.412 
0.9 0.436 0.0 0.9 0.411 
0.9 0.435 0.0 0.9 0.41 
0.9 0.434 0.0 0.9 0.409 
0.9 0.433 0.0 0.9 0.408 
0.9 0.432 0.0 0.9 0.407 
0.9 0.431 0.0 0.9 0.406 
0.9 0.43 0.0 0.9 0.405 
0.9 0.429 0.0 0.9 0.404 
0.9 0.428 0.0 0.9 0.403 
0.9 0.427 0.0 0.9 0.402 
0.9 0.426 0.0 0.9 0.401 
0.9 0.425 0.0 0.9 0.4 
0.9 0.424 0.0 0.9 0.399 
0.9 0.423 0.0 0.9 0.398 
0.9 0.422 0.0 0.9 0.397 
0.9 0.421 0.0 0.9 0.396 
0.9 0.42 0.0 0.9 0.395 
0.9 0.419 0.0 0.9 0.394 
0.9 0.418 0.0 0.9 0.393 
0.9 0.417 0.0 0.9 0.392 
0.9 0.416 0.0 0.9 0.391 
0.9 0.415 0.0 0.9 0.39 
0.9 0.414 0.0 0.9 0.389 
0.9 0.413 0.0 0.9 0.388 
0.9 0.412 0.0 0.9 0.387 
0.9 0.411 0.0 0.9 0.386 
0.9 0.41 0.0 0.9 0.385 
0.9 0.409 0.0 0.9 0.384 
0.9 0.408 0.0 0.9 0.383 
0.9 0.407 0.0 0.9 0.382 
0.9 0.406 0.0 0.9 0.381 
0.9 0.405 0.0 0.9 0.38 
0.9 0.404 0.0 0.9 0.379 
0.9 0.403 0.0 0.9 0.378 
0.9 0.402 0.0 0.9 0.377 
0.9 0.401 0.0 0.9 0.376 
0.9 0.4 0.0 0.9 0.375 
0.9 0.399 0.0 0.9 0.374 
0.9 0.398 0.0 0.9 0.373 
0.9 0.397 0.0 0.9 0.372 
0.9 0.396 0.0 0.9 0.371 
0.9 0.395 0.0 0.9 0.37 
0.9 0.394 0.0 0.9 0.369 
0.9 0.393 0.0 0.9 0.368 
0.9 0.392 0.0 0.9 0.367 
0.9 0.391 0.0 0.9 0.366 
0.9 0.39 0.0 0.9 0.365 
0.9 0.389 0.0 0.9 0.364 
0.9 0.388 0.0 0.9 0.363 
0.9 0.387 0.0 0.9 0.362 
0.9 0.386 0.0 0.9 0.361 
0.9 0.385 0.0 0.9 0.36 
0.9 0.384 0.0 0.9 0.359 
0.9 0.383 0.0 0.9 0.358 
0.9 0.382 0.0 0.9 0.357 
0.9 0.381 0.0 0.9 0.356 
0.9 0.38 0.0 0.9 0.355 
0.9 0.379 0.0 0.9 0.354 
0.9 0.378 0.0 0.9 0.353 
0.9 0.377 0.0 0.9 0.352 
0.9 0.376 0.0 0.9 0.351 
0.9 0.375 0.0 0.9 0.35 
0.9 0.374 0.0 0.9 0.349 
0.9 0.373 0.0 0.9 0.348 
0.9 0.372 0.0 0.9 0.347 
0.9 0.371 0.0 0.9 0.346 
0.9 0.37 0.0 0.9 0.345 
0.9 0.369 0.0 0.9 0.344 
0.9 0.368 0.0 0.9 0.343 
0.9 0.367 0.0 0.9 0.342 
0.9 0.366 0.0 0.9 0.341 
0.9 0.365 0.0 0.9 0.34 
0.9 0.364 0.0 0.9 0.339 
0.9 0.363 0.0 0.9 0.338 
0.9 0.362 0.0 0.9 0.337 
0.9 0.361 0.0 0.9 0.336 
0.9 0.36 0.0 0.9 0.335 
0.9 0.359 0.0 0.9 0.334 
0.9 0.358 0.0 0.9 0.333 
0.9 0.357 0.0 0.9 0.332 
0.9 0.356 0.0 0.9 0.331 
0.9 0.355 0.0 0.9 0.33 
0.9 0.354 0.0 0.9 0.329 
0.9 0.353 0.0 0.9 0.328 
0.9 0.352 0.0 0.9 0.327 
0.9 0.351 0.0 0.9 0.326 
0.9 0.35 0.0 0.9 0.325 
0.9 0.349 0.0 0.9 0.324 
0.9 0.348 0.0 0.9 0.323 
0.9 0.347 0.0 0.9 0.322 
0.9 0.346 0.0 0.9 0.321 
0.9 0.345 0.0 0.9 0.32 
0.9 0.344 0.0 0.9 0.319 
0.9 0.343 0.0 0.9 0.318 
0.9 0.342 0.0 0.9 0.317 
0.9 0.341 0.0 0.9 0.316 
0.9 0.34 0.0 0.9 0.315 
0.9 0.339 0.0 0.9 0.314 
0.9 0.338 0.0 0.9 0.313 
0.9 0.337 0.0 0.9 0.312 
0.9 0.336 0.0 0.9 0.311 
0.9 0.335 0.0 0.9 0.31 
0.9 0.334 0.0 0.9 0.309 
0.9 0.333 0.0 0.9 0.308 
0.9 0.332 0.0 0.9 0.307 
0.9 0.331 0.0 0.9 0.306 
0.9 0.33 0.0 0.9 0.305 
0.9 0.329 0.0 0.9 0.304 
0.9 0.328 0.0 0.9 0.303 
0.9 0.327 0.0 0.9 0.302 
0.9 0.326 0.0 0.9 0.301 
0.9 0.325 0.0 0.9 0.3 
0.9 0.324 0.0 0.9 0.299 
0.9 0.323 0.0 0.9 0.298 
0.9 0.322 0.0 0.9 0.297 
0.9 0.321 0.0 0.9 0.296 
0.9 0.32 0.0 0.9 0.295 
0.9 0.319 0.0 0.9 0.294 
0.9 0.318 0.0 0.9 0.293 
0.9 0.317 0.0 0.9 0.292 
0.9 0.316 0.0 0.9 0.291 
0.9 0.315 0.0 0.9 0.29 
0.9 0.314 0.0 0.9 0.289 
0.9 0.313 0.0 0.9 0.288 
0.9 0.312 0.0 0.9 0.287 
0.9 0.311 0.0 0.9 0.286 
0.9 0.31 0.0 0.9 0.285 
0.9 0.309 0.0 0.9 0.284 
0.9 0.308 0.0 0.9 0.283 
0.9 0.307 0.0 0.9 0.282 
0.9 0.306 0.0 0.9 0.281 
0.9 0.305 0.0 0.9 0.28 
0.9 0.304 0.0 0.9 0.279 
0.9 0.303 0.0 0.9 0.278 
0.9 0.302 0.0 0.9 0.277 
0.9 0.301 0.0 0.9 0.276 
0.9 0.3 0.0 0.9 0.275 
0.9 0.299 0.0 0.9 0.274 
0.9 0.298 0.0 0.9 0.273 
0.9 0.297 0.0 0.9 0.272 
0.9 0.296 0.0 0.9 0.271 
0.9 0.295 0.0 0.9 0.27 
0.9 0.294 0.0 0.9 0.269 
0.9 0.293 0.0 0.9 0.268 
0.9 0.292 0.0 0.9 0.267 
0.9 0.291 0.0 0.9 0.266 
0.9 0.29 0.0 0.9 0.265 
0.9 0.289 0.0 0.9 0.264 
0.9 0.288 0.0 0.9 0.263 
0.9 0.287 0.0 0.9 0.262 
0.9 0.286 0.0 0.9 0.261 
0.9 0.285 0.0 0.9 0.26 
0.9 0.284 0.0 0.9 0.259 
0.9 0.283 0.0 0.9 0.258 
0.9 0.282 0.0 0.9 0.257 
0.9 0.281 0.0 0.9 0.256 
0.9 0.28 0.0 0.9 0.255 
0.9 0.279 0.0 0.9 0.254 
0.9 0.278 0.0 0.9 0.253 
0.9 0.277 0.0 0.9 0.252 
0.9 0.276 0.0 0.9 0.251 
0.9 0.275 0.0 0.9 0.25 
0.9 0.274 0.0 0.9 0.249 
0.9 0.273 0.0 0.9 0.248 
0.9 0.272 0.0 0.9 0.247 
0.9 0.271 0.0 0.9 0.246 
0.9 0.27 0.0 0.9 0.245 
0.9 0.269 0.0 0.9 0.244 
0.9 0.268 0.0 0.9 0.243 
0.9 0.267 0.0 0.9 0.242 
0.9 0.266 0.0 0.9 0.241 
0.9 0.265 0.0 0.9 0.24 
0.9 0.264 0.0 0.9 0.239 
0.9 0.263 0.0 0.9 0.238 
0.9 0.262 0.0 0.9 0.237 
0.9 0.261 0.0 0.9 0.236 
0.9 0.26 0.0 0.9 0.235 
0.9 0.259 0.0 0.9 0.234 
0.9 0.258 0.0 0.9 0.233 
0.9 0.257 0.0 0.9 0.232 
0.9 0.256 0.0 0.9 0.231 
0.9 0.255 0.0 0.9 0.23 
0.9 0.254 0.0 0.9 0.229 
0.9 0.253 0.0 0.9 0.228 
0.9 0.252 0.0 0.9 0.227 
0.9 0.251 0.0 0.9 0.226 
0.9 0.25 0.0 0.9 0.225 
0.9 0.249 0.0 0.9 0.224 
0.9 0.248 0.0 0.9 0.223 
0.9 0.247 0.0 0.9 0.222 
0.9 0.246 0.0 0.9 0.221 
0.9 0.245 0.0 0.9 0.22 
0.9 0.244 0.0 0.9 0.219 
0.9 0.243 0.0 0.9 0.218 
0.9 0.242 0.0 0.9 0.217 
0.9 0.241 0.0 0.9 0.216 
0.9 0.24 0.0 0.9 0.215 
0.9 0.239 0.0 0.9 0.214 
0.9 0.238 0.0 0.9 0.213 
0.9 0.237 0.0 0.9 0.212 
0.9 0.236 0.0 0.9 0.211 
0.9 0.235 0.0 0.9 0.21 
0.9 0.234 0.0 0.9 0.209 
0.9 0.233 0.0 0.9 0.208 
0.9 0.232 0.0 0.9 0.207 
0.9 0.231 0.0 0.9 0.206 
0.9 0.23 0.0 0.9 0.205 
0.9 0.229 0.0 0.9 0.204 
0.9 0.228 0.0 0.9 0.203 
0.9 0.227 0.0 0.9 0.202 
0.9 0.226 0.0 0.9 0.201 
0.9 0.225 0.0 0.9 0.2 
0.9 0.224 0.0 0.9 0.199 
0.9 0.223 0.0 0.9 0.198 
0.9 0.222 0.0 0.9 0.197 
0.9 0.221 0.0 0.9 0.196 
0.9 0.22 0.0 0.9 0.195 
0.9 0.219 0.0 0.9 0.194 
0.9 0.218 0.0 0.9 0.193 
0.9 0.217 0.0 0.9 0.192 
0.9 0.216 0.0 0.9 0.191 
0.9 0.215 0.0 0.9 0.19 
0.9 0.214 0.0 0.9 0.189 
0.9 0.213 0.0 0.9 0.188 
0.9 0.212 0.0 0.9 0.187 
0.9 0.211 0.0 0.9 0.186 
0.9 0.21 0.0 0.9 0.185 
0.9 0.209 0.0 0.9 0.184 
0.9 0.208 0.0 0.9 0.183 
0.9 0.207 0.0 0.9 0.182 
0.9 0.206 0.0 0.9 0.181 
0.9 0.205 0.0 0.9 0.18 
0.9 0.204 0.0 0.9 0.179 
0.9 0.203 0.0 0.9 0.178 
0.9 0.202 0.0 0.9 0.177 
0.9 0.201 0.0 0.9 0.176 
0.9 0.2 0.0 0.9 0.175 
0.9 0.199 0.0 0.9 0.174 
0.9 0.198 0.0 0.9 0.173 
0.9 0.197 0.0 0.9 0.172 
0.9 0.196 0.0 0.9 0.171 
0.9 0.195 0.0 0.9 0.17 
0.9 0.194 0.0 0.9 0.169 
0.9 0.193 0.0 0.9 0.168 
0.9 0.192 0.0 0.9 0.167 
0.9 0.191 0.0 0.9 0.166 
0.9 0.19 0.0 0.9 0.165 
0.9 0.189 0.0 0.9 0.164 
0.9 0.188 0.0 0.9 0.163 
0.9 0.187 0.0 0.9 0.162 
0.9 0.186 0.0 0.9 0.161 
0.9 0.185 0.0 0.9 0.16 
0.9 0.184 0.0 0.9 0.159 
0.9 0.183 0.0 0.9 0.158 
0.9 0.182 0.0 0.9 0.157 
0.9 0.181 0.0 0.9 0.156 
0.9 0.18 0.0 0.9 0.155 
0.9 0.179 0.0 0.9 0.154 
0.9 0.178 0.0 0.9 0.153 
0.9 0.177 0.0 0.9 0.152 
0.9 0.176 0.0 0.9 0.151 
0.9 0.175 0.0 0.9 0.15 
0.9 0.174 0.0 0.9 0.149 
0.9 0.173 0.0 0.9 0.148 
0.9 0.172 0.0 0.9 0.147 
0.9 0.171 0.0 0.9 0.146 
0.9 0.17 0.0 0.9 0.145 
0.9 0.169 0.0 0.9 0.144 
0.9 0.168 0.0 0.9 0.143 
0.9 0.167 0.0 0.9 0.142 
0.9 0.166 0.0 0.9 0.141 
0.9 0.165 0.0 0.9 0.14 
0.9 0.164 0.0 0.9 0.139 
0.9 0.163 0.0 0.9 0.138 
0.9 0.162 0.0 0.9 0.137 
0.9 0.161 0.0 0.9 0.136 
0.9 0.16 0.0 0.9 0.135 
0.9 0.159 0.0 0.9 0.134 
0.9 0.158 0.0 0.9 0.133 
0.9 0.157 0.0 0.9 0.132 
0.9 0.156 0.0 0.9 0.131 
0.9 0.155 0.0 0.9 0.13 
0.9 0.154 0.0 0.9 0.129 
0.9 0.153 0.0 0.9 0.128 
0.9 0.152 0.0 0.9 0.127 
0.9 0.151 0.0 0.9 0.126 
0.9 0.15 0.0 0.9 0.125 
0.9 0.149 0.0 0.9 0.124 
0.9 0.148 0.0 0.9 0.123 
0.9 0.147 0.0 0.9 0.122 
0.9 0.146 0.0 0.9 0.121 
0.9 0.145 0.0 0.9 0.12 
0.9 0.144 0.0 0.9 0.119 
0.9 0.143 0.0 0.9 0.118 
0.9 0.142 0.0 0.9 0.117 
0.9 0.141 0.0 0.9 0.116 
0.9 0.14 0.0 0.9 0.115 
0.9 0.139 0.0 0.9 0.114 
0.9 0.138 0.0 0.9 0.113 
0.9 0.137 0.0 0.9 0.112 
0.9 0.136 0.0 0.9 0.111 
0.9 0.135 0.0 0.9 0.11 
0.9 0.134 0.0 0.9 0.109 
0.9 0.133 0.0 0.9 0.108 
0.9 0.132 0.0 0.9 0.107 
0.9 0.131 0.0 0.9 0.106 
0.9 0.13 0.0 0.9 0.105 
0.9 0.129 0.0 0.9 0.104 
0.9 0.128 0.0 0.9 0.103 
0.9 0.127 0.0 0.9 0.102 
0.9 0.126 0.0 0.9 0.101 
0.9 0.125 0.0 0.9 0.1 
